10,24,25,4,28,10,25,7,9,24,9,24,19,26,1,19,10
27,2,39,22,5,34,33,10,9,10,11,22,4,34,20,28,8
9,17,2,26,32,28,5,11,2,6,13,23,22,2,7,22,13
39,37,38,18,24,27,8,15,10,15,14,18,10,12,18,6,8
15,36,38,14,12,28,18,32,13,18,16,17,22,17,9,32,7
4,7,38,6,18,18,37,5,31,2,34,24,7,16,34,8,4
12,32,5,20,13,33,31,28,16,10,10,1,23,14,7,3,6
25,3,21,28,26,26,22,16,8,1,12,20,8,8,12,30,12
9,23,20,25,1,33,16,18,1,32,32,9,17,7,3,15,2
6,24,36,3,16,11,25,2,32,12,13,4,26,15,15,4,11
31,19,7,30,32,17,8,20,4,16,21,24,10,5,17,27,3
25,23,13,12,6,5,14,21,10,5,6,15,24,6,1,11,7
3,10,18,17,18,30,39,23,2,12,12,6,2,9,13,16,9
9,36,6,37,17,37,24,28,27,33,7,2,31,15,13,2,9
38,18,18,31,38,35,27,14,14,5,14,15,18,31,1,6,7
2,28,4,12,37,39,5,12,29,20,15,18,9,16,12,13,8
1,12,4,33,17,10,14,27,8,19,19,9,11,32,18,26,3
39,17,38,8,38,35,34,4,22,31,12,19,9,6,15,2,12
34,21,36,23,9,23,10,31,6,16,18,33,26,2,19,8,4
17,13,28,8,16,12,32,11,23,17,3,13,31,27,27,3,4
13,9,13,35,23,9,2,29,13,8,5,19,22,12,10,16,8
18,4,14,4,2,17,16,24,29,3,26,12,28,28,22,33,8
22,34,28,12,25,12,20,3,5,29,29,28,21,5,14,15,8
23,20,34,4,21,30,28,4,20,9,24,9,12,16,4,5,8
25,38,20,27,1,22,29,10,19,14,33,1,10,30,34,3,6
27,31,22,32,33,21,35,26,23,25,29,30,18,7,32,23,10
14,8,15,25,15,23,23,33,20,31,13,32,24,13,33,6,5
22,22,20,13,33,38,26,13,13,7,12,27,11,34,10,21,10
36,28,35,25,38,23,18,11,32,25,34,4,18,32,8,8,13
6,8,1,7,1,6,4,31,29,22,5,23,14,29,27,18,4
15,3,26,15,11,9,19,25,22,5,33,2,1,25,23,14,10
26,9,30,30,8,21,21,27,10,23,13,5,31,25,10,7,6
31,33,2,17,8,27,3,1,17,18,14,9,5,13,21,20,13
6,22,32,12,4,24,1,6,23,2,9,22,23,2,27,3,6
12,4,13,10,23,39,27,34,15,23,6,18,31,1,29,29,5
11,20,5,19,33,11,18,20,1,31,27,30,23,6,13,27,7
14,1,19,22,13,19,20,16,17,7,30,4,3,26,33,24,5
20,11,24,6,21,15,37,15,9,21,32,1,15,28,25,27,13
7,21,13,7,4,15,13,18,20,1,28,5,4,16,2,29,9
38,10,23,4,12,13,22,15,27,26,31,17,18,29,21,11,6
25,16,14,36,32,29,19,19,6,6,20,3,5,15,27,21,12
14,8,9,14,18,16,1,33,24,17,25,14,1,17,24,6,1
11,6,20,25,11,15,11,7,27,6,2,19,24,13,31,11,9
11,32,22,3,3,22,21,14,21,22,7,15,20,15,6,11,5
38,14,31,35,34,9,36,34,19,28,34,26,27,23,13,9,6
25,17,28,18,8,34,15,1,23,4,27,28,30,24,12,33,11
29,37,7,37,33,19,26,10,24,12,7,8,1,15,3,2,10
26,12,6,9,34,22,3,5,10,22,34,3,33,27,2,23,5
11,30,17,31,8,27,26,14,27,30,3,12,27,29,6,20,2
6,15,29,31,24,19,17,22,14,23,6,5,26,24,33,2,8
19,38,5,19,32,33,28,19,26,31,22,8,24,9,11,26,12
3,4,21,28,19,16,28,18,23,6,4,2,25,25,3,34,3
10,36,30,12,19,12,22,13,14,1,22,8,24,27,3,13,8
25,36,21,19,26,4,23,21,16,17,20,13,20,10,4,32,5
9,6,11,3,13,22,3,27,6,10,14,4,31,17,20,8,6
25,13,27,34,20,20,38,26,20,11,21,13,5,24,6,32,7
29,5,25,6,18,2,14,22,12,31,31,29,19,24,23,33,13
25,17,19,20,29,4,5,22,18,3,7,12,7,18,27,10,13
9,8,20,23,15,5,37,27,24,15,3,21,12,33,17,21,11
28,3,3,39,35,21,39,21,26,24,26,11,18,3,17,4,12
10,38,20,37,12,38,29,29,12,3,18,5,20,6,27,33,3
27,4,12,6,17,30,22,19,30,8,21,15,17,7,9,12,9
6,37,23,19,25,6,24,17,16,8,3,15,2,31,7,13,11
38,14,23,10,19,13,35,9,19,30,23,20,21,28,20,13,5
32,21,36,1,15,37,24,1,32,33,8,34,26,17,16,5,8
4,14,19,2,31,39,3,29,11,25,9,20,34,24,7,4,12
27,22,34,18,34,24,26,14,7,20,22,2,25,17,15,20,11
35,32,38,17,4,35,36,6,13,22,18,12,10,9,17,31,7
14,15,28,11,38,28,1,32,17,28,19,22,23,23,14,18,2
17,6,12,23,27,10,37,14,28,29,5,10,34,9,27,30,5
37,27,38,34,36,34,9,19,22,4,27,19,8,6,18,11,2
24,19,38,25,13,15,17,17,22,13,11,6,1,18,11,23,6
34,19,29,9,32,16,38,20,26,26,34,15,28,8,22,14,5
4,4,37,3,33,4,35,21,6,3,31,21,12,17,5,17,7
19,39,29,27,20,28,30,18,2,27,33,5,19,11,34,28,11
33,4,38,1,12,15,21,17,30,5,18,16,9,3,4,18,10
9,1,9,15,8,33,29,11,18,34,7,27,24,17,1,28,11
19,6,16,33,30,27,26,22,26,19,29,13,33,19,33,4,10
26,11,21,1,9,16,15,2,26,3,19,13,9,13,2,25,8
38,28,3,18,30,8,19,7,24,26,9,10,12,4,6,29,9
36,33,34,6,9,17,36,6,20,32,8,4,10,21,6,4,2
26,7,24,36,15,17,30,9,17,17,7,34,32,34,30,26,11
19,13,34,2,35,32,9,21,6,9,2,2,21,4,29,34,10
8,6,3,19,2,4,25,20,27,10,12,14,8,13,9,29,2
1,6,9,18,5,4,1,26,6,18,23,7,24,9,34,9,7
28,8,27,9,37,26,18,15,17,23,3,25,15,1,8,15,4
10,17,32,7,36,35,32,3,2,6,10,11,21,18,10,8,11
24,13,3,22,36,31,23,31,3,9,4,12,32,20,25,4,13
3,28,22,16,34,8,21,13,19,18,21,25,31,34,21,7,10
38,4,13,4,4,5,23,23,7,2,12,6,12,33,17,7,5
32,24,34,38,10,31,9,12,30,34,25,24,3,13,20,9,6
3,34,35,21,25,14,12,3,32,8,17,5,32,19,7,19,5
13,20,21,21,24,34,21,15,16,32,2,2,13,12,17,10,5
18,8,15,22,39,34,17,18,16,21,29,9,24,9,24,18,4
16,10,22,39,22,25,11,19,34,12,23,25,7,7,7,2,8
36,26,9,23,9,18,33,5,30,18,34,1,33,25,2,26,8
17,39,22,21,8,20,33,23,4,31,34,13,8,34,13,6,6
6,29,21,17,11,11,6,14,19,7,34,9,14,32,26,18,8
35,26,4,38,15,28,21,3,14,7,9,28,31,33,18,21,7
23,10,37,22,13,13,13,33,24,17,32,8,24,2,15,3,13
24,10,15,1,15,18,30,32,16,17,8,4,4,33,22,30,4
4,16,13,27,38,36,15,7,20,30,28,29,9,2,12,13,8
20,15,29,9,29,27,18,7,14,9,20,5,24,7,24,8,7
26,36,2,26,28,28,1,10,2,22,15,33,20,25,5,15,6
12,6,14,36,3,31,17,7,5,15,1,10,2,10,16,21,1
35,3,32,10,21,26,36,30,19,32,6,8,16,9,22,17,1
23,22,32,37,26,35,36,22,32,3,9,2,15,15,22,18,10
33,37,35,28,30,24,38,6,22,26,24,9,4,19,28,27,9
12,33,3,28,21,3,31,24,23,8,28,32,21,29,3,15,10
20,15,26,37,26,5,18,32,16,32,25,7,13,9,26,23,2
16,9,24,8,25,1,9,23,10,6,6,19,31,33,2,15,8
19,15,21,8,13,2,30,21,23,19,33,8,18,32,22,27,2
21,3,33,14,12,28,31,25,4,29,21,1,3,14,34,11,4
12,16,1,3,23,21,21,30,24,9,23,12,9,19,18,27,11
30,39,4,28,14,21,35,32,5,19,24,26,21,21,15,31,7
24,39,16,35,7,1,4,2,12,13,7,13,24,3,9,31,10
23,28,9,3,11,4,18,21,33,23,32,6,23,15,34,12,11
26,24,20,21,33,8,13,16,16,5,18,33,8,26,9,22,2
33,2,10,29,36,13,38,29,11,20,21,25,26,11,3,16,10
23,15,30,11,7,5,21,29,19,12,28,15,27,26,29,4,13
28,39,20,30,19,34,1,12,16,33,33,33,34,7,13,17,7
38,20,30,9,39,20,2,13,25,13,22,21,3,10,11,6,9
39,39,27,37,20,8,35,22,30,14,17,29,26,25,8,6,1
18,19,11,10,34,29,15,15,6,34,21,2,21,32,29,18,8
26,8,5,30,28,15,34,4,21,2,25,17,7,11,33,25,6
28,5,15,37,2,27,15,12,26,4,28,3,2,12,7,19,3
36,39,3,13,20,4,36,11,2,23,33,7,13,6,14,5,1
17,35,28,13,34,28,34,18,33,13,17,8,18,11,31,24,10
1,12,13,4,17,26,20,23,3,15,18,12,6,3,8,5,10
2,29,15,9,6,6,1,19,12,2,4,1,1,18,11,18,12
4,21,17,5,10,34,13,7,10,17,22,14,7,29,29,15,1
9,39,28,25,17,37,25,23,23,14,16,16,28,5,15,24,6
1,10,33,2,38,4,22,31,4,22,5,10,9,12,9,26,2
19,6,7,14,20,20,1,9,33,19,3,14,26,2,12,24,4
35,26,36,14,18,10,19,10,26,13,6,26,30,15,9,18,4
20,23,31,26,15,12,21,23,5,31,9,12,13,16,33,29,4
20,37,39,25,8,32,24,11,21,32,31,11,9,30,25,31,12
20,23,28,4,4,31,36,16,28,3,24,7,7,14,22,34,13
39,8,21,14,31,31,36,15,18,25,19,8,9,15,1,25,2
33,15,9,19,20,4,35,25,22,23,15,3,5,1,11,6,5
5,12,35,8,34,9,19,12,30,14,25,14,28,34,31,31,3
31,32,20,1,14,33,24,32,22,22,13,5,13,33,9,2,3
5,4,25,33,20,32,10,6,1,11,30,7,7,27,16,14,3
31,19,9,23,35,26,25,28,4,33,28,33,27,8,26,26,7
39,3,20,10,31,13,35,25,22,6,1,25,6,28,19,11,11
16,29,28,4,28,36,4,18,24,13,28,3,26,26,33,32,7
12,39,28,24,16,34,11,10,17,12,23,4,18,24,24,3,10
6,36,28,19,24,16,19,14,32,22,31,12,7,30,31,7,13
32,32,8,36,33,2,21,6,3,26,25,1,30,11,2,3,8
14,9,22,33,32,12,32,33,2,4,20,15,12,6,22,28,7
34,4,22,28,31,28,30,30,12,20,13,6,28,33,10,33,1
1,1,22,34,7,12,32,29,1,9,9,13,23,28,6,28,3
4,26,7,35,5,22,15,17,7,20,34,9,1,18,20,29,9
7,29,19,4,13,39,19,21,4,27,33,24,12,28,20,4,11
17,38,1,30,8,37,37,30,10,1,21,17,4,27,34,11,7
17,25,26,29,8,2,2,13,26,17,21,7,8,33,29,29,3
36,14,37,29,31,18,16,14,22,24,24,27,18,31,9,31,3
23,22,4,7,24,5,39,30,27,1,34,6,18,3,32,6,4
30,31,17,32,3,19,34,3,18,5,29,30,33,30,14,12,5
4,17,31,3,28,29,20,10,29,32,16,18,2,34,22,12,10
15,7,4,36,33,5,33,23,12,13,18,34,33,21,13,24,3
2,28,26,16,26,31,9,14,18,17,9,2,2,8,30,25,10
33,15,1,1,12,10,4,31,21,1,34,5,15,26,16,25,11
28,16,4,8,31,24,24,11,16,11,12,22,30,8,22,8,7
28,17,15,28,8,17,20,29,6,31,17,26,13,25,2,14,2
13,12,18,11,9,25,21,5,21,3,19,14,18,21,19,21,1
30,38,15,28,2,30,13,9,33,11,3,2,16,28,33,32,5
25,11,15,17,33,19,39,4,4,28,32,20,14,25,25,21,5
21,4,2,32,11,31,9,15,28,10,18,9,33,17,3,33,13
38,4,18,20,16,4,8,32,11,26,26,18,17,1,13,29,12
32,31,35,5,20,16,11,26,23,25,22,13,5,29,31,32,7
15,15,9,24,29,1,14,7,8,32,18,31,2,28,17,31,3
11,11,30,17,19,5,31,20,15,1,16,13,11,17,2,5,4
33,5,29,4,35,18,9,6,2,5,28,9,26,7,27,1,2
24,7,34,6,9,35,19,6,3,25,14,23,33,20,30,26,1
31,21,6,5,38,15,11,15,11,33,34,2,26,8,5,24,1
26,10,24,9,1,15,9,15,6,14,14,14,30,31,14,16,12
10,31,34,29,9,39,10,9,17,11,33,20,6,5,22,26,4
11,39,18,24,15,37,36,25,22,15,12,10,8,14,11,18,2
22,9,25,7,31,34,39,1,34,18,24,26,16,19,32,21,9
23,31,22,25,15,32,3,31,32,10,3,17,1,29,30,15,8
9,11,39,31,29,21,3,28,14,7,28,10,20,9,23,22,6
36,30,20,10,9,9,37,26,15,19,8,4,20,32,6,7,11
29,8,15,34,9,6,21,23,3,29,2,3,14,18,4,6,5
11,28,17,29,1,23,4,32,20,28,8,23,21,10,30,3,9
8,10,39,18,10,1,33,28,33,28,30,25,10,5,12,24,12
2,27,32,39,39,4,4,20,25,6,26,16,1,17,10,15,12
1,8,10,12,26,29,30,4,25,7,6,15,17,7,20,15,12
10,38,38,28,16,26,20,3,32,13,26,23,33,8,3,18,6
17,29,22,26,28,10,11,22,13,32,10,12,19,6,12,31,12
27,21,32,3,35,1,7,15,5,32,11,11,25,8,7,27,7
22,37,33,9,35,10,18,16,33,9,31,10,30,3,33,27,10
2,21,32,33,29,11,5,20,1,2,31,28,26,19,10,30,3
23,5,23,24,8,34,5,19,4,11,21,20,30,10,9,9,3
24,12,5,18,8,15,23,24,17,27,9,29,5,11,13,10,11
3,29,16,30,16,28,15,14,1,25,7,26,10,9,30,30,2
8,27,39,14,22,36,23,12,15,31,21,27,19,11,24,4,3
11,32,31,29,39,28,23,34,20,2,12,12,30,13,24,9,11
3,5,1,18,6,20,18,21,32,34,30,3,32,6,22,18,6
13,30,20,14,18,15,15,26,30,22,16,25,8,29,4,17,2
9,4,5,17,37,35,36,26,11,17,16,13,17,29,2,22,13
10,4,37,31,35,7,11,2,13,9,21,6,2,18,22,28,8
29,36,21,20,29,3,9,27,31,26,34,10,19,24,21,27,13
19,33,19,22,7,30,5,32,31,15,22,16,14,15,25,34,12
30,16,2,12,29,13,26,14,16,12,4,20,9,29,21,32,7
35,6,10,19,17,33,36,25,7,22,5,22,27,4,2,5,6
22,34,32,28,11,38,11,6,19,2,32,5,13,19,31,1,7
33,31,12,36,31,8,26,3,14,2,20,16,31,9,8,8,4
6,37,38,18,8,35,1,19,24,14,30,26,30,32,30,21,3
16,10,14,37,31,22,7,23,9,12,26,22,30,16,8,16,5
9,19,25,11,39,29,34,7,26,23,15,8,27,26,10,6,10
12,5,3,38,23,37,23,28,20,23,8,16,26,32,19,28,6
14,16,12,38,22,39,14,4,8,31,3,32,17,30,21,9,5
33,29,26,23,26,36,2,3,10,6,17,8,31,30,16,16,12
6,38,31,29,26,18,26,16,15,14,9,20,25,32,23,2,8
14,6,5,35,2,13,10,8,25,9,15,4,30,5,21,8,11
2,8,36,22,1,24,12,24,12,31,25,10,28,26,10,29,8
9,23,19,7,32,7,33,21,17,12,18,6,22,18,27,22,9
34,21,7,2,21,27,10,14,20,27,12,21,2,27,15,31,10
4,19,34,12,1,39,1,19,24,32,12,29,15,29,10,3,12
7,7,35,7,32,9,27,26,2,16,22,17,34,2,21,1,1
13,26,9,39,2,25,26,6,22,1,27,18,7,4,6,29,11
11,11,29,1,35,20,25,9,20,33,29,24,11,26,8,23,7
33,33,15,18,1,36,9,12,22,24,7,22,2,3,27,27,5
29,14,2,29,39,19,25,12,8,7,22,12,25,17,29,4,4
15,6,28,8,30,19,37,1,18,7,10,15,27,17,13,10,10
3,4,26,5,1,32,17,31,21,8,21,9,22,20,4,10,12
4,14,35,11,22,13,18,13,27,5,15,22,33,25,23,18,9
6,11,25,1,20,26,9,11,22,24,25,29,10,21,20,16,10
13,36,9,5,1,33,19,15,20,25,28,9,9,20,6,2,3
25,7,13,11,35,22,14,25,21,30,31,22,21,25,26,12,10
25,11,7,1,21,17,33,2,24,4,16,30,25,19,10,2,1
26,6,1,32,16,8,24,16,12,20,4,24,22,28,2,20,10
21,10,2,16,31,30,2,15,8,6,15,30,18,13,25,6,10
2,9,2,7,18,16,18,31,7,7,31,10,20,2,31,4,10
37,9,2,19,1,23,6,5,22,13,8,25,12,7,6,21,7
21,26,4,35,31,19,38,20,5,6,28,34,29,7,6,23,4
1,10,33,30,33,28,33,18,34,22,19,29,9,1,28,4,1
20,29,4,25,7,9,32,2,14,8,14,29,7,3,30,26,2
10,30,3,24,16,18,38,13,1,15,23,19,10,19,6,24,8
38,37,3,1,17,8,13,30,13,16,17,19,8,15,6,33,4
34,12,20,4,22,5,23,3,13,11,16,16,30,4,11,23,3
27,4,22,2,29,18,9,5,25,1,3,8,19,17,6,25,3
33,27,30,25,36,20,15,16,8,7,14,4,29,14,34,5,5
18,4,24,32,1,14,32,11,13,25,9,2,27,11,6,6,6
19,31,27,26,6,19,28,6,15,30,13,14,3,18,7,4,1
22,30,12,11,24,18,35,7,33,1,21,20,14,28,24,14,1
14,4,7,7,39,38,31,13,11,31,26,32,25,6,3,32,7
21,4,36,16,14,28,6,19,18,27,6,2,13,5,18,3,13
14,20,39,2,37,38,26,12,33,3,22,22,6,34,34,2,6
22,15,19,31,12,20,23,33,17,7,7,12,34,31,4,21,1
21,27,26,30,12,29,2,18,8,4,12,27,34,25,28,14,9
14,39,34,7,23,6,30,9,12,23,22,8,4,32,8,32,5
13,31,30,3,26,32,22,4,27,21,13,17,16,8,5,12,12
22,35,20,23,22,9,8,15,28,32,30,33,16,9,13,29,11
17,30,2,31,35,4,11,1,29,27,29,20,33,21,32,2,1
23,21,21,13,1,14,33,23,18,21,27,2,10,34,9,6,5
19,1,3,32,31,36,14,10,11,34,4,10,2,9,8,28,11
20,19,14,11,4,27,5,31,32,25,22,2,33,15,4,12,13
23,6,8,23,25,7,34,15,12,16,18,22,28,28,34,3,12
7,30,39,15,34,9,4,30,23,16,20,14,11,34,8,10,9
10,19,32,25,23,1,8,28,12,15,24,30,18,29,19,29,2
18,35,11,3,32,16,9,11,25,9,12,32,24,26,27,18,2
15,37,1,39,14,32,18,27,16,10,14,3,6,7,28,32,8
27,31,16,38,6,12,2,7,29,11,27,10,19,6,9,8,1
4,13,28,25,12,22,9,12,16,24,25,4,23,33,4,33,7
22,16,5,31,14,30,38,29,19,23,7,14,9,30,33,2,10
29,13,31,26,7,26,9,33,20,23,34,4,16,34,4,30,6
35,35,29,1,29,4,3,20,16,6,3,10,12,1,2,28,11
23,11,38,34,19,1,2,27,4,22,33,3,5,4,29,28,11
10,34,18,26,23,25,29,4,19,28,4,12,27,33,22,21,9
36,31,37,31,35,8,13,18,7,15,5,26,20,4,33,15,6
38,17,32,6,1,12,10,5,27,24,14,4,4,17,14,14,4
1,23,23,11,37,39,23,8,1,7,30,5,30,29,28,21,7
10,37,11,14,13,21,17,32,16,30,20,34,5,12,5,23,12
33,14,27,9,24,9,14,33,5,20,33,20,7,10,24,7,3
17,9,13,34,37,6,20,27,2,13,22,5,30,29,33,10,10
19,25,19,13,19,2,26,16,7,26,9,6,34,14,20,15,5
27,23,10,17,37,38,33,27,8,20,3,29,9,30,5,28,7
22,39,36,16,27,33,5,27,8,31,32,34,17,16,24,12,8
25,36,8,34,1,4,20,24,15,19,24,10,31,16,26,17,12
13,39,21,28,22,33,25,10,13,28,4,30,19,24,9,31,3
25,34,11,35,24,32,39,15,6,2,33,31,32,9,15,4,8
36,24,19,15,8,24,18,7,16,19,14,33,7,11,16,11,10
24,32,12,32,19,13,24,33,1,32,17,23,9,17,27,32,8
38,1,2,10,16,30,38,6,28,14,19,33,25,2,10,13,9
31,20,38,22,21,31,32,26,5,34,8,19,15,4,31,28,11
6,8,2,31,36,24,24,1,11,30,34,27,21,31,14,29,6
6,4,26,25,39,37,4,29,5,21,27,30,6,8,32,34,7
9,9,37,35,20,7,3,3,32,22,6,6,30,19,25,19,9
2,23,37,12,12,5,30,19,9,15,29,29,7,16,27,27,7
36,33,19,23,34,39,18,31,6,16,16,23,31,1,34,8,3
23,32,26,1,6,1,2,15,4,5,3,28,6,28,19,2,12
19,31,3,9,22,24,30,15,14,28,13,34,2,15,3,9,1
9,17,36,3,3,6,30,7,19,6,14,26,26,31,18,17,2
26,23,35,26,25,17,6,3,24,15,3,24,30,5,29,13,8
26,30,36,17,29,25,19,30,32,34,10,21,5,4,9,15,10
18,37,27,35,22,6,37,16,26,34,11,23,34,7,17,9,7
20,36,13,25,31,11,35,22,22,22,28,23,34,16,14,3,5
18,12,25,29,22,33,28,14,6,29,24,23,31,3,23,31,1
10,10,19,14,37,34,22,29,22,3,25,2,32,13,13,1,1
4,1,22,33,13,9,19,8,17,19,33,4,20,12,28,9,9
7,12,22,36,16,32,3,7,26,18,4,24,9,23,20,29,5
2,32,12,39,23,23,28,27,8,2,8,28,18,6,26,20,6
3,8,10,12,20,11,28,32,16,21,9,33,22,4,1,14,13
15,31,22,22,26,15,39,10,27,21,2,13,11,2,23,33,1
8,12,35,32,15,23,25,7,8,12,33,11,10,3,22,31,5
39,2,28,30,8,3,20,34,16,24,18,20,21,23,22,10,3
5,20,33,26,17,2,34,8,33,9,33,7,10,3,14,18,3
27,28,8,16,8,35,34,30,29,30,20,17,17,23,25,13,12
16,35,37,19,9,34,17,5,8,11,28,13,26,23,23,17,9
1,13,17,33,13,23,32,26,26,11,20,10,23,32,7,3,5
36,2,1,3,13,22,4,34,8,22,7,20,15,31,23,10,3
26,28,23,13,1,34,25,3,12,7,2,23,30,10,31,6,8
32,14,33,2,1,27,7,19,24,25,11,34,11,8,10,15,11
8,35,9,12,27,4,30,12,32,24,34,5,12,17,4,28,7
17,39,24,35,29,37,26,11,3,31,3,18,30,17,7,4,12
4,4,24,2,30,2,25,12,34,24,24,22,13,19,30,1,2
37,6,1,33,36,6,31,8,24,7,13,16,14,17,12,20,11
23,12,4,34,1,1,32,27,7,10,3,17,25,17,16,21,7
24,28,27,10,39,38,23,32,18,19,16,10,30,25,11,3,4
22,5,8,11,24,4,20,10,15,31,15,28,28,6,30,32,9
1,28,3,29,1,34,34,14,33,4,8,24,11,2,22,29,3
1,23,3,18,28,7,8,23,17,14,16,30,22,31,6,29,8
31,35,16,19,29,20,31,13,7,13,8,30,9,20,3,6,4
13,14,6,16,18,7,22,31,6,12,21,19,34,23,5,23,8
31,18,23,20,12,8,8,8,16,10,32,34,22,11,25,30,6
38,16,19,34,3,29,22,12,11,7,28,7,13,27,26,11,5
7,38,17,33,17,17,15,21,30,19,3,2,2,22,23,11,1
13,17,38,32,16,4,12,33,18,14,7,11,8,7,2,32,7
28,30,33,9,6,31,19,9,24,3,10,2,2,28,25,30,7
18,12,26,19,6,2,29,22,14,15,14,18,25,5,26,14,7
24,2,19,4,33,25,38,28,23,22,34,17,4,16,16,2,8
9,34,22,17,6,27,14,26,34,11,17,27,28,18,12,18,1
13,13,34,18,30,18,21,32,27,20,3,9,7,21,12,6,13
21,21,30,31,23,11,34,26,26,9,28,9,4,10,23,25,4
18,32,2,1,13,29,1,29,16,3,14,32,17,5,17,13,10
37,39,7,19,2,28,28,13,25,25,16,23,20,28,28,20,3
27,12,8,10,29,17,34,23,2,18,27,24,24,24,10,20,7
33,11,34,4,16,33,17,23,6,2,8,13,21,10,21,15,5
8,15,4,10,11,38,21,8,13,23,10,24,29,33,24,15,11
2,14,16,9,3,4,39,6,33,28,2,7,1,1,20,32,4
9,25,35,30,12,31,8,34,8,25,2,8,11,11,12,5,12
6,8,6,8,22,30,39,34,6,7,12,3,13,30,13,23,9
7,31,21,13,25,15,17,16,11,21,32,14,8,15,15,3,8
13,9,31,13,39,28,28,31,4,33,26,27,1,14,14,30,9
22,36,18,29,17,12,24,28,13,19,30,33,2,3,17,4,11
12,30,13,31,28,32,30,10,20,13,30,12,34,7,25,18,7
10,14,20,32,13,9,36,15,20,27,31,16,22,31,22,5,12
19,12,23,5,20,37,2,13,11,7,5,8,27,32,19,16,2
7,37,25,19,30,18,9,23,20,25,8,16,30,13,2,26,11
32,12,28,20,3,28,11,3,30,24,31,3,13,10,21,12,6
16,8,21,33,29,5,17,21,30,3,3,22,19,15,12,28,4
21,28,22,25,24,27,12,22,8,21,23,5,8,3,2,15,1
35,35,2,19,13,30,22,31,24,32,25,21,30,13,16,19,3
37,14,24,1,30,7,29,8,16,6,9,33,6,7,33,6,10
13,34,28,31,14,35,24,32,30,31,12,34,5,3,18,4,11
33,34,21,7,29,17,23,5,16,32,15,5,5,10,2,32,2
14,2,7,16,21,12,29,28,20,10,11,5,15,34,17,32,3
8,31,17,14,28,27,12,13,13,29,5,6,32,28,28,19,4
29,34,29,15,37,17,33,30,29,13,31,4,25,33,26,8,10
20,19,3,9,1,36,38,1,2,25,10,29,24,28,33,4,4
33,26,25,13,34,30,20,8,5,33,18,2,3,6,5,24,8
27,20,9,25,37,29,14,14,17,16,18,34,20,28,22,13,5
4,13,16,38,15,37,29,10,27,23,10,28,11,10,16,18,13
39,7,30,30,15,33,33,26,28,29,21,29,32,25,28,20,7
38,30,31,23,34,7,2,27,7,34,8,27,5,19,13,11,12
18,20,28,20,26,21,37,25,4,12,1,26,3,10,17,33,3
13,33,25,22,37,6,20,22,25,27,21,16,31,30,20,3,10
20,8,14,16,16,5,16,26,29,15,11,5,2,7,20,29,9
17,5,12,8,18,4,22,11,5,15,2,8,15,3,29,20,11
3,37,15,1,16,24,8,3,5,29,17,4,8,2,27,11,3
14,2,1,6,21,6,15,17,3,13,18,12,3,33,18,28,9
34,8,27,39,20,16,23,33,5,30,11,21,23,24,29,4,13
36,10,13,15,35,29,18,26,34,21,20,18,30,20,5,20,2
36,13,15,36,35,22,26,17,10,14,1,18,15,3,6,19,11
17,9,6,15,26,25,2,1,9,30,7,8,17,26,6,8,2
38,35,20,10,19,7,25,3,22,23,19,29,13,10,26,30,6
14,28,5,6,38,19,9,24,2,22,22,30,28,14,28,16,6
6,29,24,36,31,19,17,15,12,32,14,31,14,22,31,8,11
32,7,17,22,23,24,17,29,4,17,12,29,22,9,5,18,5
23,23,36,29,4,25,28,22,26,2,13,26,17,3,3,29,2
15,27,21,12,7,37,12,6,5,25,9,33,18,11,19,29,12
33,22,27,2,22,3,14,2,31,26,29,11,32,34,22,30,12
21,22,26,2,2,21,29,5,15,6,11,15,14,9,21,34,8
19,23,30,11,26,2,23,22,8,9,11,9,23,29,31,12,11
1,11,28,17,2,4,16,25,23,11,14,3,26,1,18,20,4
16,1,12,5,9,9,24,33,33,25,15,17,12,10,13,19,1
20,32,39,8,2,15,16,32,20,28,31,1,4,6,30,30,1
35,4,13,31,27,32,2,29,33,12,13,32,26,6,24,1,6
35,23,13,3,19,27,21,18,33,11,22,33,32,33,20,3,13
1,26,2,11,2,27,34,9,33,10,4,28,8,16,21,22,2
8,31,21,13,9,39,17,8,31,21,6,34,13,30,31,24,2
3,31,30,9,9,26,34,2,10,29,10,13,26,33,33,23,5
18,18,24,18,27,22,33,19,17,3,28,11,10,17,19,25,11
5,24,31,35,39,5,19,11,31,31,18,27,20,21,5,34,12
4,23,25,37,24,29,1,1,32,6,24,5,16,10,17,23,4
20,3,13,10,18,38,35,12,14,22,2,12,11,8,1,4,2
16,2,23,2,10,33,14,8,25,29,6,12,27,21,18,28,7
13,17,39,32,14,35,20,6,13,24,15,19,6,4,29,1,8
11,32,37,38,20,5,3,23,14,29,11,4,21,16,12,34,5
25,9,21,22,12,34,9,22,7,4,10,31,14,14,6,1,13
10,38,35,16,22,24,11,4,2,14,24,34,9,16,32,8,5
8,6,29,10,12,9,12,32,6,9,1,30,21,34,34,34,1
36,29,10,26,7,4,36,19,18,34,32,12,31,18,5,32,3
32,2,23,17,12,18,33,29,6,3,9,2,26,28,22,18,12
17,15,1,9,33,23,16,7,19,2,28,11,23,25,23,10,5
21,9,31,34,14,31,15,10,29,28,1,13,27,23,27,26,1
33,2,31,18,4,28,34,10,13,32,27,28,18,3,27,24,8
7,23,3,3,15,29,21,31,13,12,21,23,23,5,27,17,11
17,24,20,15,1,17,25,19,8,24,12,17,33,23,33,14,6
37,17,10,19,14,6,27,2,5,26,21,17,6,5,25,19,2
4,28,32,13,37,6,31,32,25,28,13,19,27,27,33,22,12
8,20,28,35,3,29,9,13,2,10,8,8,32,29,10,26,3
22,32,9,6,4,32,19,15,2,8,30,12,14,18,28,5,6
21,17,8,23,14,1,4,33,18,21,9,5,3,7,25,28,4
1,1,10,28,22,2,35,21,2,1,21,26,13,2,1,17,11
28,27,27,8,20,4,12,2,27,30,23,19,29,10,13,1,6
30,26,6,21,22,25,33,23,24,4,18,17,8,18,16,23,12
3,13,3,12,9,8,12,26,21,28,2,26,28,25,5,11,6
2,19,29,35,18,3,1,1,26,30,9,10,28,25,34,1,4
30,25,23,4,21,13,17,33,4,8,28,21,17,23,1,14,2
36,32,37,23,20,14,37,23,13,31,9,14,26,19,12,4,9
11,10,23,6,16,21,8,4,7,32,15,19,12,18,20,33,2
38,30,8,17,1,1,2,10,25,28,34,32,5,8,25,16,2
8,35,8,7,19,34,19,22,7,28,30,27,13,29,23,33,8
32,5,16,25,39,6,29,23,34,23,6,30,13,23,1,25,4
17,34,32,14,29,1,1,25,10,34,17,27,27,8,32,34,11
11,1,15,23,16,29,39,20,8,4,24,30,30,17,33,31,10
8,25,23,35,21,35,29,22,27,28,26,19,16,31,1,10,4
26,8,28,11,15,32,10,34,17,15,18,13,21,10,15,11,4
9,9,12,9,21,35,36,32,17,4,1,26,22,27,17,28,10
34,14,25,33,6,35,12,2,25,24,15,6,1,20,8,18,13
8,2,28,33,3,1,37,14,15,26,28,12,17,22,34,22,13
23,15,22,19,38,24,25,27,2,1,19,27,3,29,28,32,3
18,36,39,12,28,10,10,1,19,32,14,18,33,20,34,18,10
18,19,31,11,25,28,11,6,24,27,5,21,6,25,4,13,10
32,38,14,38,31,34,2,29,10,24,34,32,26,4,2,17,3
21,38,16,28,2,8,18,31,24,28,17,4,17,8,1,8,13
10,21,4,18,37,7,6,24,6,23,33,31,13,20,17,17,2
38,36,34,30,6,16,34,8,29,23,9,15,14,11,30,6,4
2,13,19,15,9,27,33,1,28,8,9,12,22,25,25,12,9
13,30,38,10,32,38,30,23,22,26,14,33,34,30,19,19,6
17,5,7,35,17,5,15,11,33,11,16,25,29,27,2,4,5
31,34,30,15,34,10,37,14,23,7,25,15,21,26,13,9,3
2,31,31,15,23,1,12,5,13,27,4,25,28,12,28,9,12
5,6,15,2,11,26,15,29,25,23,33,11,19,3,10,21,2
27,31,3,12,30,28,21,26,15,21,14,34,16,15,34,34,6
36,27,9,20,30,7,28,5,5,29,18,8,25,26,28,13,9
26,31,18,14,31,24,4,6,21,17,16,15,23,34,20,10,3
22,16,26,7,25,26,35,13,24,34,13,28,24,19,13,2,12
12,32,11,31,1,1,5,32,23,12,14,16,21,24,31,1,10
30,3,13,34,34,14,39,25,31,31,24,30,20,17,21,26,1
4,32,37,30,5,17,35,7,12,30,30,2,15,6,4,13,10
5,25,19,17,4,11,34,23,1,12,25,30,17,11,25,26,13
12,5,36,3,35,3,18,1,30,12,12,34,26,12,1,10,11
18,12,6,35,26,38,25,25,5,9,6,20,22,8,30,31,9
3,36,7,16,10,38,37,7,20,17,6,5,20,25,10,6,3
22,4,9,19,3,37,12,31,21,16,20,7,3,15,33,23,13
8,9,17,1,36,3,14,33,30,28,7,12,26,28,18,3,4
33,23,35,33,28,34,34,32,27,16,18,20,7,34,4,30,10
36,14,31,39,17,14,1,33,5,18,17,32,26,6,4,7,3
1,22,3,4,9,14,37,19,4,33,34,4,17,22,6,22,10
31,1,14,35,35,27,8,24,21,34,7,33,6,21,16,5,10
6,19,22,1,3,6,24,23,6,1,1,14,29,13,13,28,9
15,1,17,7,5,3,34,16,28,17,8,12,6,6,34,25,3
1,11,23,18,32,10,24,25,33,15,27,25,21,21,12,26,10
18,16,27,35,18,15,32,17,20,32,13,8,20,14,14,30,6
13,17,31,11,15,33,20,23,18,34,19,16,11,15,3,17,13
39,22,13,9,34,20,7,34,33,13,12,25,31,18,14,19,10
16,13,29,25,11,12,12,18,24,13,8,28,19,11,11,34,9
15,9,32,37,34,1,13,16,18,17,6,34,5,23,23,29,4
18,16,2,35,21,13,22,33,26,1,11,11,8,16,21,12,2
10,2,29,18,36,38,25,27,33,12,4,13,7,21,14,33,12
15,22,26,18,13,2,11,9,7,29,31,29,8,25,16,5,10
3,34,12,23,19,35,3,31,28,3,20,11,7,17,19,19,11
39,17,32,20,33,39,34,27,26,26,19,16,17,11,17,22,5
37,11,7,7,17,23,38,10,26,3,4,20,12,23,30,24,5
10,30,35,12,19,16,29,2,2,15,30,31,8,1,16,12,4
2,7,11,10,18,17,30,4,22,3,16,2,13,17,3,11,7
2,38,26,29,9,17,31,17,5,18,17,23,8,16,2,30,11
32,19,1,4,10,25,30,26,6,6,14,32,27,24,15,1,11
9,9,14,11,7,6,28,30,17,16,33,20,33,31,30,18,6
11,15,11,4,15,26,21,7,23,18,30,29,11,12,33,6,5
31,29,24,2,18,8,24,7,32,15,23,26,1,9,4,12,11
17,4,38,17,6,25,26,14,10,8,26,11,4,27,26,7,6
25,21,4,7,19,13,16,27,5,31,14,34,9,23,3,22,8
38,26,34,37,23,30,36,12,29,9,26,2,18,12,24,26,10
36,20,31,18,18,37,20,28,18,17,32,33,34,14,26,26,5
17,4,23,19,38,11,24,31,7,8,30,14,12,7,2,23,12
7,35,26,33,11,17,12,29,18,16,7,11,33,4,12,24,11
33,31,20,34,14,25,36,6,3,6,13,30,16,3,12,6,11
32,34,30,17,22,13,35,24,17,21,18,27,10,23,26,24,7
5,30,30,34,10,19,5,18,17,19,7,5,9,25,7,11,13
16,19,16,36,2,22,34,8,27,26,25,1,24,9,10,6,2
22,22,33,35,2,13,28,29,1,14,9,34,34,8,24,10,2
4,38,16,4,34,26,26,2,3,28,16,34,15,4,27,6,7
34,21,20,14,32,30,33,14,33,24,7,17,29,6,10,17,2
13,8,33,17,22,13,24,22,14,18,12,3,19,27,20,23,7
22,15,24,4,30,22,28,7,27,5,3,3,13,23,13,15,12
7,20,25,3,29,26,30,12,32,12,15,26,14,14,17,6,9
27,11,29,24,16,35,28,34,23,21,19,6,18,21,10,7,9
4,38,5,36,28,21,14,11,18,8,14,5,16,5,19,22,13
12,23,25,29,5,32,4,4,4,20,5,20,23,27,3,20,5
9,29,9,11,37,2,10,13,33,17,18,5,30,11,13,31,1
17,22,21,9,1,24,3,25,22,9,33,23,29,5,23,32,2
24,3,5,36,39,31,22,2,22,23,10,28,10,32,7,2,12
25,37,5,14,35,5,11,26,9,16,33,7,11,10,28,4,10
11,3,19,33,34,6,31,15,6,12,8,4,7,15,9,33,1
10,38,15,33,2,4,8,2,14,21,4,19,27,14,16,16,7
8,9,10,39,28,12,33,22,11,14,2,29,20,4,5,32,11
13,12,32,38,4,21,17,20,10,6,12,3,7,10,29,1,12
14,18,22,24,1,37,6,26,7,7,31,10,33,26,28,9,6
18,1,37,21,17,13,36,32,33,30,4,10,9,2,3,24,6
20,27,33,24,23,13,23,13,21,34,12,33,4,31,30,15,4
12,14,24,32,7,17,36,8,6,24,1,16,22,10,27,18,12
17,18,30,39,9,7,35,2,31,11,9,23,23,33,33,22,2
31,2,26,29,22,26,18,19,19,12,16,34,33,13,34,7,7
3,38,28,22,37,27,12,9,25,25,27,9,34,27,33,12,6
21,18,7,8,20,38,7,27,30,28,16,1,22,6,9,27,8
10,16,27,33,13,4,11,28,28,21,31,10,1,8,31,32,5
21,33,33,33,36,37,28,5,17,17,24,27,34,12,33,2,13
8,17,36,7,35,37,15,14,34,1,7,8,13,32,8,27,5
34,21,13,24,36,10,4,8,23,2,27,12,23,29,1,4,12
4,18,2,37,23,3,33,28,32,13,15,7,8,30,16,19,1
13,4,6,17,24,17,38,34,12,22,6,19,6,4,21,25,2
3,30,35,23,28,35,23,18,23,22,26,25,11,7,14,34,6
14,29,25,15,5,29,38,12,17,14,29,13,26,3,11,32,1
21,28,16,31,13,6,20,25,10,18,31,2,11,12,2,18,12
31,14,36,24,5,20,27,10,7,14,2,3,2,29,24,6,1
24,11,16,2,13,30,36,21,10,7,19,1,16,14,29,21,7
28,38,1,5,29,11,13,27,23,33,17,1,21,26,27,11,6
21,25,16,29,13,17,30,14,18,3,4,34,19,8,9,21,10
14,39,1,5,36,25,11,31,15,18,10,3,6,21,26,7,10
18,5,24,10,6,21,14,4,21,14,4,28,13,4,19,28,6
33,39,28,16,39,30,27,5,30,12,6,2,29,31,26,2,5
28,15,38,32,29,14,23,11,31,17,29,12,15,3,20,10,7
25,20,7,2,39,37,39,24,28,6,5,32,27,6,33,29,2
15,14,24,35,37,27,16,20,23,11,20,18,21,25,17,23,2
38,38,25,12,39,37,22,7,1,1,33,8,20,23,13,19,8
20,30,27,17,15,16,37,4,7,10,19,27,28,32,9,24,8
33,3,7,36,29,37,39,32,7,1,32,9,4,29,2,15,9
12,24,11,11,25,34,37,2,24,3,32,19,23,23,30,29,11
33,37,19,33,19,11,7,13,25,17,24,11,18,4,21,7,1
28,2,13,12,6,39,9,30,30,4,12,20,21,10,24,11,4
24,37,14,17,28,29,5,18,33,12,31,17,15,2,9,26,13
38,17,18,14,15,38,17,32,2,16,5,33,23,15,25,8,6
36,6,9,32,9,34,4,15,14,16,22,11,6,20,17,5,2
20,16,23,29,38,15,7,34,16,20,24,3,5,24,28,9,11
24,29,36,39,39,12,5,5,1,32,9,6,26,33,1,27,13
24,6,25,21,2,8,16,2,26,6,3,13,33,2,30,13,9
35,17,10,36,24,2,5,5,16,32,9,26,20,8,1,7,8
12,30,2,12,17,39,4,14,4,1,13,32,18,9,30,26,13
38,27,3,35,9,23,38,4,32,7,29,30,31,29,10,27,8
23,3,9,27,24,19,6,23,16,20,26,21,10,31,2,34,3
36,18,37,36,32,23,13,16,2,29,22,13,6,9,15,9,4
11,13,34,6,4,14,5,2,19,13,30,7,5,4,12,34,9
22,21,18,11,7,6,25,22,5,4,31,14,3,2,18,33,5
21,3,35,7,37,7,32,27,19,22,24,4,15,14,17,1,1
25,5,25,6,12,31,15,6,27,2,29,6,12,30,26,22,5
25,3,31,34,11,34,1,24,15,34,28,10,34,17,17,20,12
36,4,3,12,27,36,12,26,10,22,34,6,17,27,19,9,7
11,34,14,19,31,25,22,20,24,28,14,1,30,13,23,10,9
36,27,36,28,13,39,15,33,27,31,4,22,5,20,12,12,13
4,27,14,7,35,8,27,15,2,30,23,18,23,23,18,20,11
10,17,11,33,13,1,17,30,23,30,20,23,14,13,19,2,11
39,39,5,38,4,26,3,12,11,6,3,23,34,6,5,32,12
18,34,5,10,26,39,32,1,13,19,5,25,2,28,17,1,5
8,13,15,31,6,28,34,7,14,31,28,31,17,17,13,14,7
12,4,31,4,14,21,2,5,5,16,9,4,11,17,23,28,2
10,1,6,24,26,5,36,7,10,20,5,16,27,16,14,27,2
21,17,13,15,25,8,15,21,21,15,13,6,1,4,4,3,1
34,14,22,25,9,34,1,7,20,16,19,18,25,25,16,24,9
4,28,7,37,6,13,16,6,13,22,16,19,6,29,6,13,12
33,11,19,37,13,2,11,6,19,27,13,2,16,25,16,3,11
37,5,38,18,31,10,10,4,14,11,3,4,4,7,9,9,8
16,27,25,5,32,35,18,1,9,7,14,4,33,2,24,14,12
33,5,8,12,16,6,29,13,6,1,20,21,10,2,31,14,8
24,36,11,33,2,11,10,29,27,16,7,6,17,31,28,32,11
11,17,5,8,7,20,21,26,6,20,32,21,18,8,25,19,13
30,7,5,22,32,11,33,27,3,34,9,32,6,31,6,26,6
10,22,22,33,16,1,20,21,15,5,1,30,19,10,3,26,9
29,10,7,5,18,14,11,24,12,10,19,16,11,28,34,9,7
2,12,27,11,3,26,38,4,9,33,3,22,22,23,20,15,12
21,20,38,31,39,27,26,24,13,5,27,32,5,25,25,7,5
30,38,24,24,4,35,33,19,24,1,10,2,15,13,26,26,11
8,20,9,26,36,20,1,14,14,6,22,3,26,29,33,30,7
33,18,29,21,29,13,24,28,10,17,29,20,3,8,21,7,1
5,15,10,2,35,14,12,20,27,2,26,1,12,25,13,24,2
34,36,12,13,10,18,6,4,21,33,31,18,7,18,14,25,3
27,28,11,23,38,19,1,34,2,22,24,20,3,20,25,24,5
1,34,21,35,20,24,32,26,29,26,17,17,29,3,34,32,1
16,4,20,31,32,8,14,3,10,3,32,29,3,12,21,5,9
14,5,5,16,16,3,38,24,3,3,28,20,13,5,33,7,10
5,9,25,36,22,3,36,13,12,9,17,19,10,22,26,13,11
14,15,24,19,4,20,38,23,10,18,25,9,25,28,34,4,10
2,8,25,10,11,19,8,4,30,7,17,4,18,29,33,14,8
39,23,29,25,2,14,26,27,29,16,34,17,5,13,13,2,2
4,25,34,26,9,24,10,24,26,3,19,8,29,20,29,28,1
2,6,36,39,10,37,14,9,17,4,17,29,21,24,15,11,8
14,21,35,5,31,11,39,4,9,10,24,3,23,27,25,1,4
3,19,32,34,18,28,11,17,12,17,9,23,20,22,24,20,12
28,36,4,6,24,39,22,3,30,20,21,20,30,16,9,10,11
3,24,28,36,6,12,24,5,31,2,27,31,25,23,10,4,4
28,27,16,9,5,22,1,32,20,31,32,16,34,23,16,17,9
22,20,39,31,12,27,19,11,3,26,29,23,16,2,26,20,8
19,26,21,16,24,12,38,17,2,18,2,32,17,11,19,25,11
31,36,1,20,20,27,3,7,33,32,11,5,19,17,31,21,3
1,6,32,5,18,39,37,14,3,30,19,3,13,15,27,12,4
31,29,17,19,2,9,29,19,18,15,11,33,1,3,22,21,8
29,39,33,4,15,30,11,4,1,3,6,1,5,5,33,16,6
25,3,39,31,39,35,37,33,4,11,8,6,5,2,16,8,9
22,13,3,34,8,26,22,23,26,22,11,9,10,8,15,5,8
31,11,3,17,14,27,4,4,9,34,21,14,19,2,31,27,1
24,24,10,24,30,26,11,34,6,27,14,3,18,19,32,8,5
10,33,35,27,39,14,39,23,32,9,11,19,7,19,30,14,5
18,20,8,26,6,27,23,5,29,21,1,11,3,18,3,19,2
27,15,26,3,9,29,30,28,1,32,7,23,13,15,1,27,7
8,14,20,27,21,28,33,2,23,16,12,9,16,33,28,6,6
24,23,16,38,22,13,30,34,26,6,30,8,27,9,31,13,9
29,5,9,32,18,28,8,8,3,19,9,11,20,2,27,14,1
28,16,7,23,39,32,18,19,27,9,8,21,19,8,22,13,2
3,35,6,8,32,19,15,22,18,24,18,7,19,14,12,17,1
4,32,38,21,2,31,37,21,5,7,22,30,13,18,16,26,11
8,38,39,12,21,1,26,1,26,32,29,28,1,3,28,20,7
25,18,10,33,33,34,37,22,2,29,25,12,19,23,6,5,8
30,35,39,31,7,24,27,7,33,23,18,3,27,33,28,10,13
37,21,10,22,26,20,12,7,29,9,31,4,12,24,1,7,7
23,14,27,8,8,16,1,31,34,15,3,32,18,24,4,22,10
27,15,24,21,34,29,9,13,20,33,1,28,30,21,2,31,7
6,20,22,1,23,32,24,19,6,18,34,3,23,19,21,24,5
4,21,8,34,2,25,18,10,15,2,24,9,34,1,30,10,4
23,26,20,24,31,5,27,7,22,19,19,22,15,12,12,17,8
5,24,7,20,31,24,29,6,33,7,32,5,11,32,3,12,10
28,30,7,39,19,26,26,11,16,11,34,27,19,23,1,23,10
10,3,35,23,18,5,13,12,11,16,12,26,31,8,15,5,3
33,33,3,19,24,3,35,15,32,15,2,30,17,15,11,33,8
3,39,9,4,23,22,6,34,22,29,5,19,9,17,29,21,13
31,1,33,11,26,16,34,12,13,3,25,20,11,28,8,20,10
28,26,16,27,9,3,26,6,18,24,29,29,15,34,22,5,3
12,18,31,30,24,20,17,25,16,28,10,17,14,28,9,32,2
32,2,24,25,33,24,37,11,28,19,27,21,25,15,1,5,13
19,20,12,7,35,1,37,7,7,25,25,14,30,33,7,7,3
39,36,19,8,26,20,4,2,17,27,24,27,8,3,33,26,6
26,22,6,19,38,1,39,9,19,2,9,28,28,24,15,26,2
14,13,16,17,17,25,21,5,20,4,9,8,17,1,12,32,6
39,31,27,16,5,30,4,24,12,32,29,22,34,10,2,34,9
17,1,28,35,6,32,22,20,5,11,26,27,15,23,1,9,13
10,15,15,33,20,17,10,23,29,25,13,34,31,5,28,25,12
2,35,8,1,25,5,25,13,24,3,12,26,21,15,34,26,11
35,29,12,38,6,25,34,2,32,12,5,8,30,12,28,5,2
34,35,21,11,8,11,23,15,17,7,16,16,8,9,11,34,2
5,29,30,14,8,24,3,33,20,17,26,26,20,32,16,6,11
1,12,15,21,37,15,37,31,33,5,10,24,8,13,20,23,1
25,1,17,30,24,2,35,3,18,12,30,33,12,19,5,7,8
19,17,29,14,3,23,8,26,6,21,13,12,8,17,29,17,5
14,10,28,26,17,31,3,28,20,25,30,3,28,18,4,1,3
10,1,7,13,13,6,24,14,17,18,6,32,4,12,32,29,7
36,26,21,19,38,23,10,26,15,24,9,24,33,23,20,12,3
35,1,10,11,3,20,8,21,31,8,12,23,27,27,19,26,12
4,19,31,17,35,18,39,5,19,15,23,32,8,19,4,29,1
25,36,36,16,4,8,24,8,24,1,3,33,18,28,20,20,5
17,36,9,37,37,32,8,13,8,30,29,1,8,21,9,10,3
31,20,11,21,7,9,39,19,21,30,19,6,7,22,31,30,9
20,39,14,37,33,10,14,14,14,18,34,9,15,8,20,8,9
34,23,24,27,25,22,2,29,6,23,30,12,31,23,3,22,3
11,2,18,20,28,20,5,33,18,28,19,28,26,5,13,20,9
14,31,22,30,34,35,11,32,19,22,8,5,31,6,13,20,6
1,4,17,15,30,35,8,17,24,33,4,27,26,29,29,29,3
5,29,30,2,5,5,23,31,16,13,25,19,18,28,26,27,9
5,11,39,28,18,26,34,32,27,34,28,22,15,29,6,19,1
17,3,39,18,39,25,10,3,27,18,32,14,12,9,7,12,4
12,32,38,32,12,25,7,32,26,26,25,12,17,1,25,2,10
19,18,6,16,39,4,23,13,34,9,33,9,6,20,19,28,9
24,7,18,15,19,12,35,25,4,28,16,7,21,16,9,28,5
32,27,32,32,23,35,17,25,28,17,16,11,25,29,27,8,4
38,20,24,36,4,39,28,21,14,7,31,6,30,11,26,11,9
18,11,14,37,1,23,9,33,6,15,16,31,20,16,9,4,7
34,38,11,10,17,22,11,8,34,26,11,32,27,29,6,31,8
4,25,6,23,9,9,29,25,30,22,9,8,19,6,1,2,12
7,9,29,11,29,20,15,2,15,11,27,26,16,27,28,4,11
32,27,6,39,31,28,35,17,28,11,5,9,10,27,5,11,1
38,8,5,2,39,34,16,21,25,6,15,20,2,33,29,2,3
2,27,13,12,31,19,37,13,13,32,34,4,11,30,15,19,7
27,12,12,27,29,21,39,26,7,10,29,22,33,22,15,21,7
6,7,31,20,34,37,3,12,11,23,31,11,3,2,13,15,8
24,25,38,39,37,11,9,10,32,4,8,2,25,30,26,19,6
15,9,8,1,14,31,2,21,22,4,29,31,24,12,10,10,1
3,30,6,23,14,16,19,14,9,3,31,17,13,20,5,11,1
23,3,37,32,18,19,29,6,34,5,1,31,4,23,13,29,13
7,17,8,4,4,10,38,9,14,31,24,32,8,14,6,32,7
17,10,38,16,29,33,18,33,23,31,6,30,4,4,22,1,6
29,2,33,14,38,16,13,9,2,26,4,4,8,2,18,27,5
2,18,12,28,4,37,3,27,33,26,11,4,4,20,21,27,13
9,17,37,14,39,30,32,12,19,32,19,8,26,17,3,12,13
5,26,21,1,33,12,14,8,8,29,23,13,25,29,31,15,11
13,5,2,16,25,7,29,27,17,7,27,7,21,4,28,33,1
26,29,15,17,30,20,26,1,30,33,17,32,13,10,16,14,13
34,1,12,16,17,22,22,3,28,31,8,9,13,6,5,26,12
3,23,26,24,9,26,8,15,2,17,22,25,8,23,28,7,9
36,19,37,19,5,10,8,4,34,14,8,13,33,34,16,22,1
12,1,7,10,15,32,2,33,1,23,22,34,19,4,27,26,6
26,32,10,35,1,18,15,5,24,32,7,2,12,4,30,25,9
20,2,32,1,16,3,9,30,7,14,28,27,22,21,31,5,4
4,20,35,8,5,23,3,9,18,2,23,19,13,1,22,15,11
10,27,39,37,22,14,13,15,23,10,1,14,11,5,23,8,11
22,25,25,36,11,9,17,22,29,15,10,22,15,34,34,7,2
16,9,11,15,1,29,17,20,28,17,29,33,1,14,19,16,3
33,31,19,7,13,38,10,19,26,31,16,11,17,9,26,31,2
16,33,26,6,20,9,1,18,22,26,16,34,12,22,15,30,7
35,17,11,32,13,39,8,8,23,5,18,5,30,3,24,16,10
11,16,4,9,21,1,14,14,20,10,13,18,3,18,27,28,10
39,1,8,33,1,16,37,7,34,32,31,34,21,24,21,29,12
15,39,31,38,16,22,5,6,27,4,15,1,26,18,28,23,3
7,36,31,30,33,20,12,9,17,3,19,10,32,8,15,34,8
34,29,29,32,37,8,6,1,32,31,5,30,14,21,6,7,7
26,31,29,13,21,20,31,11,22,8,28,7,10,3,6,17,8
23,17,32,26,10,25,35,11,31,15,21,5,5,12,20,12,10
39,28,23,38,8,7,30,32,8,14,6,13,14,15,14,27,10
17,39,21,3,27,3,16,3,31,7,9,28,13,17,30,5,9
24,7,13,10,1,18,1,7,22,15,15,11,29,31,18,25,8
9,30,6,25,21,36,29,11,5,12,34,6,10,30,29,4,10
16,15,2,23,6,36,1,31,25,28,15,13,14,15,14,12,8
16,13,4,16,39,25,4,25,24,19,13,16,26,22,17,4,4
7,6,15,30,24,9,13,6,16,5,19,26,16,4,11,27,7
23,13,3,29,2,19,39,7,16,24,31,14,3,10,2,4,11
30,2,2,28,34,23,10,2,19,13,5,7,5,22,5,28,11
29,7,33,33,20,39,18,26,28,2,17,6,5,15,9,11,11
13,26,1,29,11,36,37,26,20,13,4,2,11,2,8,4,2
34,20,20,3,23,16,38,28,5,25,24,2,31,29,19,15,7
15,26,5,16,12,8,16,4,27,5,24,5,12,27,31,23,4
30,16,7,4,37,23,2,12,16,14,25,1,22,33,1,25,10
16,7,37,7,15,25,34,1,25,6,24,25,8,29,6,19,13
30,11,11,22,4,10,38,2,19,24,20,1,5,28,2,29,9
34,39,33,15,2,14,26,7,1,15,25,6,5,32,19,14,13
5,12,2,6,16,19,26,3,11,4,15,5,1,22,3,1,10
2,39,18,11,30,31,34,13,28,11,5,16,26,9,10,22,13
35,13,24,14,4,11,29,32,18,8,13,9,3,29,29,15,8
8,34,29,2,20,3,11,25,26,25,28,11,5,13,22,2,2
18,26,22,8,35,6,24,5,18,22,27,21,8,28,4,1,8
36,4,38,17,29,22,4,28,7,14,20,31,32,28,5,23,10
39,22,8,12,2,33,3,12,19,6,5,12,13,15,7,27,12
8,1,3,19,2,25,28,13,14,10,24,25,3,24,13,27,8
23,19,25,8,25,21,7,25,34,26,1,3,13,9,21,26,4
39,35,20,12,32,25,31,19,34,6,27,24,28,15,25,20,12
18,24,6,12,18,5,3,24,7,21,23,3,3,17,4,4,10
29,36,22,31,25,38,27,29,9,4,10,32,14,17,28,32,7
19,14,14,35,17,35,5,10,29,23,16,9,1,30,28,2,12
7,10,12,21,31,32,5,14,6,34,2,26,26,4,30,26,3
27,3,20,6,23,24,27,30,1,33,27,10,14,23,10,20,7
32,9,7,32,10,13,5,15,32,7,11,8,28,24,18,30,9
34,26,31,38,11,38,6,9,7,27,21,20,31,23,7,31,5
10,35,34,26,36,22,14,28,27,1,30,34,15,31,8,26,8
13,12,35,16,14,18,3,30,8,24,9,29,15,11,30,1,12
8,5,37,17,39,13,35,17,20,18,29,7,16,13,1,11,3
14,35,2,3,4,25,19,30,29,23,10,12,11,21,29,7,13
10,5,38,18,28,26,13,23,33,1,33,16,27,16,8,25,3
3,27,38,3,36,12,12,20,9,3,10,16,22,30,28,33,4
26,36,12,35,9,20,2,20,5,28,17,11,16,5,23,1,1
24,23,17,30,19,5,16,26,10,24,3,8,18,8,30,10,2
37,9,17,3,34,18,10,3,8,9,11,4,34,5,15,12,11
11,24,33,4,39,33,10,5,32,23,13,16,16,25,19,30,12
14,25,1,7,4,33,39,14,26,4,12,31,19,22,30,26,7
21,32,3,6,10,38,14,6,8,17,2,33,15,29,3,6,13
29,2,7,32,20,12,39,4,3,10,6,3,12,23,26,27,12
20,37,22,29,29,32,20,28,29,15,3,6,34,2,19,31,6
39,18,6,27,20,2,34,9,34,21,28,1,26,23,17,33,1
32,14,24,5,20,35,35,5,11,34,20,21,6,28,31,9,10
16,23,10,19,10,11,37,31,9,34,9,1,2,23,34,5,8
10,5,29,39,8,2,11,18,6,26,12,3,9,7,8,23,2
37,35,9,27,28,31,1,9,33,32,4,17,18,6,21,10,11
20,23,9,9,30,37,4,28,6,7,28,7,25,6,31,19,3
13,18,24,8,2,2,2,23,28,3,32,10,32,8,1,34,13
1,30,17,16,35,21,10,17,25,20,33,32,9,15,21,15,10
36,33,26,17,10,17,4,11,21,21,2,8,17,33,13,15,13
19,14,6,20,5,7,27,1,30,9,21,5,4,12,27,7,8
39,2,3,1,24,3,25,28,15,33,34,2,12,15,32,6,2
29,13,33,2,26,13,35,2,4,31,10,22,16,30,9,22,4
18,20,11,3,19,7,9,19,20,13,21,30,1,4,14,18,12
24,18,26,27,20,17,19,15,28,20,29,6,12,20,30,8,11
18,12,10,8,31,2,29,17,31,23,28,10,10,27,30,8,2
32,39,5,34,6,8,9,22,9,16,12,12,11,17,32,14,12
13,36,19,25,18,4,1,18,33,8,1,22,29,25,17,30,9
12,15,34,33,38,34,22,1,15,3,28,6,2,9,11,10,4
39,39,16,17,18,30,25,25,34,17,19,4,2,23,30,28,3
12,6,25,10,17,5,35,20,24,32,34,14,20,30,11,31,13
31,25,34,8,24,24,15,25,6,17,17,19,29,14,23,33,9
4,17,23,31,25,30,2,17,2,17,26,5,22,28,7,6,13
18,4,34,24,2,26,5,5,17,13,30,14,17,28,24,15,8
9,29,7,17,37,13,16,25,34,24,32,13,9,6,11,29,8
17,23,23,15,28,37,15,27,2,20,8,32,16,13,12,31,8
18,24,30,20,16,2,39,19,33,32,9,23,16,30,28,22,7
13,19,3,35,35,15,16,27,26,6,14,17,4,27,28,27,3
29,30,20,20,1,9,23,5,26,33,20,24,6,7,29,1,3
28,19,11,23,22,30,23,3,11,9,33,1,29,11,32,30,12
2,3,38,11,26,31,32,13,34,23,18,9,3,12,9,1,12
11,27,33,6,36,37,1,18,9,21,1,31,11,3,1,15,8
38,28,22,7,34,32,15,29,8,13,16,1,30,26,14,8,2
37,30,39,23,25,4,27,33,23,20,30,1,12,11,22,19,5
37,17,18,16,26,17,33,15,6,4,30,3,6,20,21,5,9
32,35,9,9,21,10,5,33,29,28,10,3,32,26,13,26,1
31,3,20,7,3,4,13,10,31,11,12,27,18,8,18,26,1
11,21,32,27,22,24,16,23,27,29,6,13,12,18,15,20,8
28,5,4,39,17,29,10,3,4,27,31,9,13,23,11,19,11
8,11,2,5,14,16,14,5,5,17,19,31,26,18,2,27,10
23,2,18,30,22,27,29,14,24,28,31,20,29,1,30,8,3
9,3,28,17,6,32,36,26,32,13,18,32,22,33,13,4,12
3,2,39,3,39,10,22,1,14,23,28,24,21,4,11,9,4
11,11,26,15,13,33,16,28,32,30,5,2,9,6,28,20,5
14,34,6,14,3,32,39,3,1,29,1,19,1,8,17,22,4
2,15,35,19,20,10,8,17,30,26,15,26,17,22,14,16,8
36,5,11,8,25,31,17,29,7,2,10,23,8,10,30,12,2
12,30,21,8,1,2,20,3,6,11,17,10,4,24,29,5,8
29,28,28,25,36,29,23,10,7,3,32,9,5,15,16,12,1
25,17,25,1,8,36,4,8,31,24,33,12,10,23,6,34,1
5,16,7,37,16,33,13,19,20,33,22,6,7,13,22,22,1
14,31,31,10,20,35,6,13,33,24,33,2,28,28,11,32,3
3,17,15,34,28,20,20,21,34,6,4,25,7,31,11,20,1
18,20,14,5,18,15,4,10,19,34,10,25,20,11,7,19,9
35,29,13,11,28,28,14,14,11,17,25,25,7,14,34,12,7
29,6,14,21,38,10,38,6,21,30,3,32,11,18,10,8,4
35,22,35,1,2,28,38,25,1,20,32,28,19,6,11,31,5
5,12,2,24,22,11,21,7,14,2,4,31,26,18,8,8,1
31,37,28,11,6,21,9,19,25,27,14,9,8,11,13,12,11
29,18,11,33,29,26,14,14,23,9,1,33,7,3,12,14,3
22,33,18,2,36,35,24,8,33,11,10,6,27,16,28,28,10
11,5,23,33,28,19,1,3,21,31,16,22,26,28,1,26,12
6,9,31,33,7,5,9,24,18,17,13,7,6,15,4,34,5
26,28,11,31,1,8,39,15,30,17,5,17,20,4,21,9,10
19,12,28,9,4,38,6,1,31,10,5,32,1,20,13,33,7
12,32,4,27,18,34,35,6,5,7,13,17,6,19,31,16,4
24,11,7,14,31,30,2,12,7,27,8,14,8,8,18,31,10
5,8,26,14,3,26,3,25,17,19,9,13,11,10,32,13,5
25,24,1,12,19,1,36,34,3,2,31,11,22,14,32,18,11
15,30,31,5,29,38,19,22,1,24,8,9,5,10,1,27,8
8,13,9,32,13,26,2,33,26,27,24,2,19,29,8,1,4
21,14,14,15,20,14,20,16,34,3,11,30,23,2,7,12,13
28,3,2,24,21,14,33,9,19,11,27,3,16,8,7,1,11
19,2,2,7,15,3,13,18,22,22,27,34,26,10,10,16,11
6,11,22,11,8,16,2,7,7,16,34,17,2,10,22,24,7
36,32,34,5,1,26,3,23,15,11,4,21,25,22,16,9,10
4,27,1,39,8,14,5,21,31,23,29,31,29,22,30,25,6
12,30,16,18,12,8,12,11,12,31,16,30,18,15,30,33,2
38,2,10,15,8,9,19,27,17,25,34,10,14,15,33,10,3
36,34,29,31,24,8,29,4,13,30,27,17,5,17,3,29,5
22,13,27,39,27,29,21,12,15,1,22,31,14,3,21,22,10
39,11,31,35,2,11,23,33,24,24,24,27,25,21,10,27,12
19,2,19,20,9,26,20,18,11,11,10,6,23,19,26,8,5
16,2,16,19,9,38,31,4,23,13,13,9,14,5,10,14,3
18,20,38,28,14,10,33,4,11,25,15,31,23,21,1,3,10
29,30,37,31,9,6,30,8,34,25,13,31,2,5,21,31,3
24,25,27,11,23,20,39,4,27,34,9,34,16,21,24,11,11
31,36,24,24,29,17,23,1,9,22,24,24,22,12,16,28,6
18,25,11,26,39,25,15,9,18,13,25,13,17,22,29,31,2
12,11,23,12,26,26,26,28,15,31,15,16,21,27,10,1,12
16,11,19,14,28,37,35,32,20,19,16,31,28,18,22,30,12
2,14,10,39,20,31,10,16,16,22,8,34,3,10,27,7,13
17,34,37,2,35,14,2,24,4,5,30,19,4,16,22,23,9
35,11,19,37,37,22,26,14,25,25,18,27,2,29,2,25,1
39,5,27,29,9,15,8,21,1,13,33,32,12,33,23,31,4
38,5,25,35,25,19,11,11,15,30,21,19,11,6,1,12,10
29,3,21,6,32,5,20,8,20,29,34,27,31,8,26,25,7
8,16,20,20,30,33,24,16,18,31,7,30,4,19,14,34,12
21,38,18,20,5,5,12,5,31,27,21,30,23,2,30,12,9
2,14,26,10,20,18,28,14,29,27,34,6,14,10,27,2,1
13,31,31,17,38,8,35,23,21,27,21,32,9,16,32,33,8
39,17,30,2,38,5,8,18,15,29,9,11,18,12,4,20,3
17,3,10,1,12,13,20,18,21,15,22,17,27,22,25,33,7
4,22,30,39,37,16,12,33,10,16,32,14,25,4,30,30,4
16,35,31,38,19,15,19,30,25,19,6,1,22,23,7,8,3
24,20,34,33,24,38,36,23,27,2,4,18,32,18,3,16,2
16,34,32,21,16,24,28,2,32,27,33,25,27,5,21,24,6
5,26,9,36,30,9,15,1,22,23,9,6,9,3,14,17,2
18,14,18,35,6,27,31,14,16,10,4,18,21,30,14,2,1
18,17,39,11,1,28,36,34,3,32,33,16,5,25,20,15,11
15,33,12,17,16,13,4,26,29,9,2,8,23,33,19,17,8
5,2,16,13,14,29,6,10,12,9,7,2,19,24,12,13,4
27,23,37,9,34,24,4,24,29,11,27,15,19,7,5,32,12
28,23,5,28,11,17,29,13,26,17,29,29,32,30,14,2,5
8,16,39,35,22,36,36,34,28,24,12,5,22,4,29,8,8
27,25,17,3,13,26,20,30,8,1,27,19,33,9,18,24,8
5,22,2,25,27,37,37,13,26,31,6,15,5,17,7,14,5
14,38,5,30,2,16,36,30,18,26,4,34,24,9,5,11,9
3,7,17,37,5,9,33,14,28,23,23,20,21,22,23,16,6
19,25,37,7,16,38,28,7,3,25,11,8,31,28,12,31,1
33,23,29,3,27,2,18,25,7,26,21,18,15,33,22,12,5
5,18,21,22,34,39,25,26,29,10,12,9,26,16,24,17,13
31,36,35,31,23,33,31,1,25,31,34,25,24,6,32,3,2
12,1,1,3,8,16,39,28,25,23,19,3,3,20,25,6,9
9,16,5,2,29,22,36,7,29,10,5,23,33,22,10,10,12
28,11,39,19,12,3,17,18,6,10,11,33,17,7,2,32,3
28,2,2,30,15,2,4,24,6,18,2,13,16,29,21,30,9
28,29,22,39,14,9,6,6,22,15,17,30,11,26,31,27,2
38,31,9,17,16,18,35,32,7,34,6,6,16,9,5,21,11
7,25,25,39,13,18,39,18,27,13,33,32,32,2,32,31,7
26,28,7,22,7,9,28,26,8,4,28,24,14,30,34,28,5
8,7,37,8,33,29,36,12,32,8,16,33,1,11,11,10,5
6,21,28,19,36,5,39,5,34,34,11,18,16,20,31,20,6
34,37,2,4,12,31,12,32,31,15,27,5,27,34,34,16,9
3,4,8,37,8,29,16,17,33,21,28,5,19,15,10,5,1
12,28,21,35,26,33,19,34,22,13,9,17,20,30,10,11,4
39,32,20,23,14,16,13,25,28,10,4,23,18,30,32,31,3
22,37,34,20,4,30,27,29,17,13,29,21,22,20,3,21,3
7,33,20,34,15,39,9,2,26,9,18,15,27,16,27,19,11
36,23,5,17,12,7,15,4,22,22,7,29,30,19,28,25,13
2,24,15,26,36,28,32,29,9,26,24,17,18,8,7,8,5
13,30,24,21,25,19,13,30,30,18,17,8,5,5,31,33,6
34,26,6,2,37,38,20,19,20,17,4,11,13,32,18,18,7
2,22,1,27,9,2,39,21,4,29,8,4,10,8,29,24,2
32,26,10,1,30,3,5,28,29,4,19,2,23,29,17,21,13
17,3,33,2,25,13,26,13,11,7,28,1,5,11,26,33,8
23,20,13,12,27,11,35,25,20,25,2,25,9,13,26,27,1
17,34,15,5,18,17,26,20,24,3,23,34,12,26,34,31,11
19,16,37,5,1,38,24,27,34,28,5,2,13,13,10,28,3
32,7,30,34,36,23,30,18,23,6,8,13,34,9,16,1,7
7,30,39,25,18,33,7,17,21,18,20,16,3,9,29,20,3
12,6,16,36,3,8,38,8,19,12,14,1,34,13,10,15,8
3,28,33,4,30,33,31,21,6,34,14,26,20,3,27,23,13
32,5,9,8,12,24,30,24,19,12,25,26,14,32,29,17,11
26,11,39,34,39,32,22,6,23,13,26,10,2,13,24,29,12
36,33,22,28,24,10,25,4,3,8,3,27,13,13,19,8,11
39,13,22,37,28,19,8,22,34,17,20,10,4,1,10,24,8
9,32,1,27,13,26,32,7,4,30,33,26,17,10,24,33,2
23,14,18,38,33,23,29,9,1,33,7,19,4,15,29,30,10
21,10,15,16,26,7,12,24,22,28,5,13,23,32,33,12,2
4,29,33,35,11,34,5,20,21,33,13,7,20,3,31,30,12
20,23,23,37,4,32,13,8,29,4,30,16,21,19,13,5,8
2,38,29,36,11,16,7,22,30,31,21,19,15,5,4,7,6
24,19,7,38,16,7,22,4,2,24,11,32,26,6,4,29,2
36,5,10,6,5,2,28,17,30,18,2,1,6,28,3,29,11
19,18,37,11,14,36,27,18,21,18,4,20,4,32,25,14,9
20,2,3,16,23,20,22,20,11,28,9,17,16,14,24,13,5
6,27,21,1,13,15,7,15,21,28,19,22,2,6,3,22,13
23,27,4,23,11,38,22,12,16,32,29,15,19,18,10,23,11
34,11,17,36,11,27,33,31,22,19,23,4,10,13,5,19,5
32,19,21,23,37,15,9,23,13,22,20,15,32,12,23,24,6
21,2,32,26,3,11,35,4,5,3,33,7,15,11,8,28,13
13,25,1,31,10,8,13,1,16,4,9,4,23,8,8,30,5
14,9,20,26,8,4,4,11,25,25,5,30,20,15,13,7,9
5,12,37,26,2,37,29,29,18,1,19,1,11,30,28,6,2
30,32,34,28,11,39,19,31,30,30,9,6,16,27,27,25,5
39,21,14,32,17,11,20,4,23,26,10,31,19,33,24,5,9
7,33,27,8,17,15,23,34,5,24,15,27,29,26,3,2,8
23,17,15,33,38,31,18,6,15,19,1,34,13,6,1,2,3
18,11,38,25,22,7,21,9,10,7,19,4,5,12,13,20,10
22,6,24,32,27,27,8,21,30,4,23,24,11,34,7,8,7
7,5,32,20,33,26,37,9,14,13,7,1,25,26,30,23,12
36,36,11,29,34,36,14,9,9,8,31,4,16,15,5,19,9
32,12,36,7,38,6,24,25,27,20,29,20,26,34,4,4,6
22,21,36,21,38,19,33,30,22,20,10,4,29,12,14,20,2
23,24,14,14,33,25,18,34,17,15,28,22,2,24,14,23,1
37,6,23,33,25,15,37,7,21,16,14,20,28,28,31,8,11
21,5,10,31,18,27,2,23,11,21,27,32,24,19,15,10,12
18,3,23,34,6,33,21,26,34,14,26,29,9,26,14,4,1
37,13,6,24,16,26,29,9,1,11,34,7,30,17,31,28,3
23,21,31,31,36,25,15,6,18,24,24,23,24,12,9,10,11
20,32,13,20,25,15,37,22,9,14,3,19,28,8,18,28,10
37,1,4,28,9,2,2,21,11,21,17,4,31,32,26,1,4
8,5,27,22,4,37,7,18,34,20,23,24,17,6,20,22,7
11,15,13,34,34,17,16,29,18,23,10,25,22,22,1,14,3
24,20,10,12,31,11,15,14,1,2,28,33,22,12,3,34,4
23,12,13,18,6,12,8,14,8,34,11,19,13,31,22,1,12
16,20,29,30,16,2,39,9,7,5,24,31,21,2,21,21,13
25,39,35,13,32,26,8,26,12,2,26,9,2,3,9,19,13
2,2,28,23,8,37,3,12,16,25,21,17,15,1,2,2,8
7,38,3,31,7,12,5,5,16,16,12,18,17,31,10,21,2
4,26,38,8,36,7,36,30,34,28,21,30,12,23,7,34,10
21,29,27,39,14,33,37,16,28,33,5,32,32,26,2,32,3
18,32,24,24,25,23,28,3,33,3,25,32,12,20,16,33,7
25,1,7,19,17,32,33,31,5,20,26,29,31,3,20,29,13
12,20,4,38,4,37,29,7,13,15,23,19,11,31,11,31,4
1,39,37,12,4,12,23,26,13,33,13,24,27,14,20,28,8
12,6,36,17,19,9,27,20,14,1,34,16,9,1,15,25,10
15,33,30,19,16,20,38,3,19,14,26,25,28,10,17,4,2
26,9,36,17,21,36,8,30,20,4,16,17,24,7,20,23,10
24,32,33,7,16,18,15,13,34,12,5,1,19,5,22,20,10
31,31,26,16,10,35,10,14,17,10,29,19,20,22,30,8,13
25,25,7,9,3,9,24,26,20,29,8,6,31,13,8,29,9
21,29,10,29,6,31,16,32,11,26,23,33,6,31,17,10,9
1,31,35,28,39,1,26,18,26,18,26,5,12,7,33,15,3
7,9,12,25,26,24,19,5,24,3,5,23,15,30,27,15,4
35,20,32,26,29,21,19,7,18,29,18,27,17,28,17,29,3
5,3,12,36,20,32,38,23,31,28,8,8,20,11,24,23,2
1,21,32,5,2,27,18,23,7,11,14,28,20,1,9,28,5
28,23,2,29,36,33,5,34,22,14,20,10,16,24,23,24,9
15,37,26,10,34,8,13,13,15,19,12,22,1,1,24,2,6
29,14,34,37,30,25,23,16,24,13,26,10,17,9,16,26,1
27,36,31,11,9,28,32,16,9,25,21,1,12,25,30,25,1
28,23,16,11,19,38,14,13,6,28,33,16,3,11,27,32,11
30,39,35,25,38,36,20,3,21,6,28,32,16,31,5,14,2
35,31,15,17,20,28,8,1,28,14,25,34,12,32,32,33,5
39,31,7,30,19,5,6,33,4,25,22,24,27,28,16,30,3
13,5,2,18,20,39,38,34,32,24,29,18,30,19,20,15,1
33,19,24,3,34,10,29,32,1,8,3,20,12,7,20,34,9
20,15,30,3,30,28,9,28,28,34,17,11,10,14,27,13,3
1,3,38,9,30,20,25,11,9,11,34,17,25,6,23,20,8
3,36,27,26,29,10,12,6,8,13,9,9,11,28,1,22,8
34,1,16,11,4,10,16,1,4,5,30,17,33,32,14,25,12
15,11,30,37,24,20,19,34,10,26,34,12,10,6,20,34,3
38,35,36,8,21,35,10,9,13,3,18,29,15,16,17,9,4
