[2, 13, 20, 16, 38, 15, 24, 21, 27, 33, 35, 28, 39, 30, 33, 23, 6, 23, 11, 17, 3, 20, 21, 23, 12, 23, 3]
[2, 11, 37, 29, 31, 12, 37, 13, 39, 7, 11, 4, 4, 26, 0, 25, 35, 25, 7, 3]
[2, 9, 39, 25, 22, 21, 0, 4, 26, 23, 3]
[2, 28, 39, 14, 30, 15, 0, 5, 26, 3]
[2, 23, 24, 25, 25, 10, 5, 27, 16, 12, 24, 3]
[2, 10, 5, 31, 14, 31, 6, 39, 4, 10, 35, 18, 1, 33, 11, 16, 21, 3]
[2, 33, 39, 14, 32, 14, 11, 3]
[2, 11, 39, 10, 21, 8, 3]
[2, 4, 39, 7, 35, 30, 11, 3]
[2, 37, 39, 2, 14, 7, 1, 16, 19, 23, 0, 22, 3]
[2, 31, 28, 27, 39, 14, 5, 33, 5, 7, 21, 30, 27, 3]
[2, 34, 39, 16, 28, 6, 23, 3]
[2, 0, 10, 33, 18, 12, 18, 22, 39, 10, 19, 24, 9, 20, 11, 4, 18, 0, 23, 3]
[2, 21, 4, 2, 39, 22, 28, 12, 19, 5, 3]
[2, 32, 0, 16, 21, 39, 0, 17, 28, 16, 30, 14, 2, 17, 3]
[2, 40, 39, 8, 19, 13, 14, 11, 5, 3]
[2, 17, 4, 31, 30, 18, 39, 11, 20, 5, 3, 1, 32, 17, 3]
[2, 1, 39, 30, 28, 24, 12, 14, 5, 21, 23, 11, 33, 3, 20, 1, 35, 9, 3]
[2, 2, 34, 26, 39, 5, 21, 12, 5, 11, 25, 31, 21, 12, 3]
[2, 1, 11, 29, 5, 39, 25, 21, 30, 20, 31, 6, 11, 3]
[2, 1, 26, 14, 35, 39, 11, 10, 13, 14, 35, 1, 25, 10, 21, 18, 10, 3, 3, 3]
[2, 5, 20, 20, 34, 21, 27, 13, 39, 16, 2, 31, 24, 5, 33, 3, 23, 15, 27, 3]
[2, 33, 12, 5, 26, 9, 27, 28, 7, 39, 14, 2, 20, 26, 35, 7, 0, 6, 20, 8, 3]
[2, 20, 32, 34, 1, 5, 39, 26, 1, 6, 5, 7, 17, 24, 31, 5, 28, 18, 3]
[2, 9, 8, 14, 3, 24, 36, 1, 28, 39, 18, 32, 7, 11, 23, 23, 19, 26, 32, 23, 24, 11, 3]
[2, 19, 19, 20, 39, 1, 12, 12, 3, 1, 3]
[2, 40, 39, 17, 14, 31, 33, 3]
[2, 3, 39, 32, 4, 8, 35, 23, 12, 13, 3]
[2, 9, 13, 39, 22, 5, 17, 24, 3]
[2, 40, 39, 7, 7, 25, 30, 3]
[2, 8, 18, 27, 13, 24, 34, 4, 33, 4, 26, 20, 35, 39, 4, 8, 10, 31, 19, 26, 6, 25, 9, 22, 27, 27, 1, 12, 16, 4, 11, 3]
[2, 36, 3, 39, 24, 13, 8, 7, 9, 0, 31, 3]
[2, 34, 31, 20, 8, 9, 39, 13, 10, 24, 16, 11, 32, 21, 35, 3]
[2, 24, 18, 21, 32, 35, 28, 19, 29, 12, 25, 39, 35, 4, 22, 11, 28, 6, 9, 7, 3, 0, 14, 32, 8, 5, 13, 3]
[2, 15, 14, 26, 4, 9, 3, 39, 16, 13, 27, 30, 4, 6, 30, 3, 10, 3]
[2, 40, 39, 17, 31, 1, 30, 4, 3]
[2, 40, 39, 25, 15, 19, 23, 18, 14, 3]
[2, 31, 26, 3, 33, 6, 37, 38, 39, 4, 6, 12, 32, 27, 21, 23, 11, 30, 10, 22, 16, 9, 3]
[2, 27, 34, 36, 39, 3, 23, 10, 4, 31, 11, 22, 3]
[2, 21, 1, 32, 39, 10, 4, 12, 6, 10, 3]
[2, 32, 39, 4, 31, 23, 23, 4, 3]
[2, 36, 5, 39, 6, 28, 28, 12, 13, 26, 12, 18, 8, 12, 5, 3]
[2, 25, 13, 36, 38, 32, 39, 11, 14, 1, 27, 30, 3, 6, 9, 22, 3]
[2, 34, 25, 39, 14, 3, 5, 19, 0, 3]
[2, 4, 33, 1, 24, 19, 22, 11, 39, 0, 20, 16, 31, 12, 3, 24, 9, 8, 23, 3]
[2, 14, 34, 26, 36, 35, 28, 16, 27, 38, 39, 35, 14, 7, 18, 21, 24, 16, 15, 23, 18, 18, 8, 28, 3]
[2, 0, 21, 15, 39, 6, 11, 25, 11, 1, 14, 33, 33, 3]
[2, 40, 39, 13, 12, 35, 28, 10, 4, 3]
[2, 6, 14, 37, 11, 39, 12, 26, 31, 18, 24, 28, 2, 3]
[2, 40, 39, 19, 22, 18, 23, 23, 31, 5, 31, 30, 3]
[2, 40, 39, 13, 2, 0, 32, 17, 3]
[2, 25, 33, 17, 39, 33, 18, 7, 3, 15, 28, 35, 30, 3]
[2, 14, 4, 21, 25, 30, 4, 31, 30, 25, 3, 21, 16, 38, 39, 26, 32, 18, 27, 30, 30, 12, 18, 17, 33, 15, 9, 2, 17, 12, 3]
[2, 38, 38, 7, 22, 14, 39, 7, 4, 7, 14, 21, 23, 10, 3, 10, 3]
[2, 7, 38, 9, 19, 39, 35, 32, 22, 21, 16, 14, 3]
[2, 3, 11, 14, 1, 3, 39, 8, 26, 5, 8, 10, 22, 30, 3]
[2, 40, 39, 19, 6, 25, 13, 3]
[2, 40, 39, 18, 12, 27, 28, 3]
[2, 1, 12, 39, 12, 15, 27, 2, 35, 19, 14, 9, 3]
[2, 29, 33, 31, 39, 30, 26, 28, 31, 17, 15, 12, 8, 28, 3]
[2, 2, 19, 28, 30, 12, 39, 14, 18, 32, 3, 30, 14, 31, 3]
[2, 5, 39, 5, 0, 19, 10, 10, 16, 3]
[2, 12, 13, 15, 39, 12, 2, 31, 18, 2, 7, 3, 6, 3]
[2, 35, 21, 39, 11, 33, 32, 28, 0, 9, 2, 35, 23, 27, 30, 24, 3]
[2, 40, 39, 21, 9, 12, 25, 14, 25, 6, 3]
[2, 40, 39, 33, 0, 18, 6, 25, 9, 3]
[2, 40, 39, 18, 9, 9, 3]
[2, 40, 39, 21, 33, 26, 23, 11, 27, 7, 13, 24, 3]
[2, 23, 35, 32, 27, 0, 28, 0, 35, 39, 20, 32, 9, 1, 31, 15, 0, 19, 3, 14, 18, 3]
[2, 38, 12, 39, 11, 16, 7, 19, 16, 28, 3]
[2, 40, 39, 4, 27, 10, 0, 6, 3]
[2, 29, 37, 20, 4, 27, 28, 33, 32, 21, 25, 32, 39, 9, 1, 2, 19, 0, 26, 32, 16, 24, 27, 18, 26, 18, 3]
[2, 2, 5, 39, 15, 8, 13, 6, 30, 25, 3]
[2, 10, 7, 39, 12, 2, 35, 28, 21, 16, 13, 3]
[2, 28, 39, 23, 1, 1, 1, 24, 3]
[2, 13, 22, 29, 16, 11, 0, 9, 39, 35, 17, 19, 30, 32, 3, 14, 5, 0, 25, 7, 21, 3]
[2, 29, 39, 19, 19, 25, 27, 1, 4, 3]
[2, 40, 39, 35, 27, 13, 3]
[2, 22, 39, 30, 23, 26, 17, 6, 9, 27, 32, 3]
[2, 28, 39, 11, 3, 16, 30, 1, 6, 35, 28, 31, 3]
[2, 21, 39, 31, 10, 19, 13, 3]
[2, 24, 12, 39, 13, 22, 14, 15, 3]
[2, 11, 39, 14, 11, 1, 3]
[2, 34, 38, 38, 0, 3, 39, 22, 14, 3, 8, 1, 12, 1, 3]
[2, 28, 19, 30, 28, 39, 27, 35, 2, 16, 23, 1, 3]
[2, 27, 39, 1, 22, 31, 9, 3]
[2, 19, 39, 5, 32, 33, 3]
[2, 2, 3, 28, 39, 17, 0, 20, 6, 24, 17, 3]
[2, 7, 9, 7, 30, 17, 33, 19, 5, 37, 25, 39, 20, 19, 24, 11, 28, 8, 6, 14, 1, 25, 5, 12, 27, 31, 3]
[2, 15, 15, 9, 39, 2, 2, 6, 18, 7, 14, 23, 13, 3]
[2, 29, 30, 10, 39, 3, 25, 4, 27, 16, 30, 8, 3]
[2, 24, 39, 18, 10, 9, 14, 28, 14, 3]
[2, 40, 39, 26, 17, 28, 7, 23, 18, 3]
[2, 4, 2, 13, 1, 12, 24, 31, 5, 15, 39, 23, 31, 18, 23, 12, 3, 16, 27, 4, 23, 25, 3]
[2, 12, 7, 6, 15, 38, 21, 18, 39, 20, 25, 6, 31, 19, 20, 19, 27, 3, 6, 10, 31, 3]
[2, 19, 19, 39, 10, 10, 7, 11, 0, 22, 0, 3]
[2, 30, 39, 35, 18, 28, 3]
[2, 21, 39, 27, 15, 33, 3]
[2, 14, 39, 33, 0, 6, 3]
[2, 27, 4, 8, 1, 39, 22, 14, 11, 3, 30, 24, 35, 28, 3]
[2, 40, 39, 22, 10, 1, 3]
[2, 16, 16, 21, 23, 39, 26, 21, 17, 10, 16, 3, 11, 30, 33, 3]
[2, 31, 31, 17, 39, 25, 21, 30, 2, 31, 30, 33, 15, 22, 3]
[2, 7, 39, 4, 25, 28, 0, 2, 20, 22, 3]
[2, 8, 19, 39, 27, 25, 9, 14, 1, 3]
[2, 1, 35, 33, 21, 39, 6, 23, 24, 19, 9, 31, 31, 3]
[2, 40, 39, 13, 1, 24, 0, 3]
[2, 23, 22, 26, 12, 6, 39, 23, 26, 4, 26, 2, 33, 16, 18, 12, 3]
[2, 13, 39, 21, 1, 20, 21, 14, 9, 3]
[2, 28, 19, 3, 39, 35, 15, 28, 0, 11, 35, 3]
[2, 29, 31, 1, 39, 2, 31, 10, 25, 18, 7, 17, 21, 3]
[2, 36, 39, 6, 16, 11, 11, 4, 3, 5, 3]
[2, 36, 21, 4, 32, 6, 11, 39, 10, 4, 22, 31, 16, 25, 12, 18, 24, 7, 5, 3]
[2, 12, 32, 39, 21, 28, 5, 31, 3]
[2, 16, 1, 39, 24, 9, 25, 20, 1, 3, 13, 2, 8, 0, 11, 22, 10, 3]
[2, 2, 31, 39, 33, 14, 13, 22, 35, 0, 1, 32, 12, 3]
[2, 28, 8, 14, 39, 26, 3, 20, 19, 19, 11, 14, 3]
[2, 30, 28, 38, 38, 32, 39, 3, 4, 15, 24, 35, 0, 30, 28, 13, 3]
[2, 35, 11, 34, 39, 25, 11, 18, 8, 11, 32, 3]
[2, 22, 39, 11, 33, 20, 23, 6, 25, 9, 19, 27, 1, 3]
[2, 21, 26, 36, 2, 36, 39, 23, 28, 13, 32, 8, 2, 27, 25, 24, 3]
[2, 40, 39, 2, 26, 17, 2, 33, 4, 3]
[2, 0, 17, 22, 35, 9, 24, 20, 39, 7, 0, 31, 4, 26, 2, 33, 26, 23, 3]
[2, 40, 39, 5, 21, 31, 17, 3]
[2, 27, 33, 4, 10, 32, 34, 8, 5, 39, 10, 4, 5, 24, 24, 22, 14, 2, 20, 13, 3]
[2, 0, 37, 14, 25, 27, 4, 39, 27, 31, 16, 18, 7, 11, 22, 5, 3]
[2, 35, 39, 27, 31, 8, 15, 2, 3]
[2, 40, 39, 6, 5, 18, 3, 24, 32, 3]
[2, 27, 7, 27, 36, 20, 39, 33, 8, 1, 3, 27, 5, 11, 3]
[2, 6, 3, 17, 32, 34, 39, 31, 28, 3, 28, 16, 21, 26, 3]
[2, 21, 28, 15, 6, 31, 8, 2, 39, 21, 21, 9, 35, 30, 27, 2, 15, 10, 31, 3]
[2, 11, 8, 19, 20, 7, 6, 39, 26, 3, 17, 20, 9, 31, 8, 7, 12, 23, 3]
[2, 16, 34, 39, 1, 15, 8, 14, 31, 3]
[2, 16, 18, 12, 21, 7, 7, 30, 7, 39, 33, 23, 17, 25, 27, 28, 22, 16, 12, 19, 13, 32, 3]
[2, 40, 39, 0, 13, 18, 4, 8, 2, 12, 20, 11, 5, 35, 31, 3]
[2, 30, 22, 33, 37, 31, 31, 18, 17, 28, 9, 33, 0, 39, 30, 25, 5, 0, 10, 18, 25, 13, 28, 30, 3, 13, 12, 31, 30, 3]
[2, 10, 24, 30, 31, 23, 36, 13, 18, 2, 39, 23, 4, 3, 6, 22, 6, 15, 28, 14, 15, 19, 3]
[2, 12, 11, 39, 22, 18, 23, 23, 3]
[2, 8, 6, 28, 9, 39, 20, 24, 20, 33, 35, 14, 1, 10, 10, 9, 3]
[2, 40, 39, 26, 35, 24, 35, 22, 3]
[2, 0, 24, 22, 37, 16, 39, 1, 15, 0, 0, 26, 35, 12, 8, 20, 18, 28, 31, 3]
[2, 12, 39, 4, 19, 28, 11, 3]
[2, 13, 39, 24, 4, 27, 26, 8, 3]
[2, 40, 39, 19, 17, 4, 3]
[2, 40, 39, 14, 5, 17, 3]
[2, 11, 3, 37, 35, 24, 10, 29, 26, 39, 9, 24, 23, 16, 18, 4, 7, 33, 4, 23, 3]
[2, 6, 39, 35, 26, 32, 28, 16, 3]
[2, 17, 14, 39, 2, 23, 5, 26, 35, 21, 3]
[2, 23, 38, 1, 38, 35, 39, 0, 7, 26, 20, 21, 15, 14, 23, 3]
[2, 34, 39, 28, 32, 35, 3]
[2, 17, 39, 18, 19, 12, 3]
[2, 4, 29, 9, 39, 17, 23, 19, 15, 27, 4, 21, 7, 6, 3]
[2, 40, 39, 13, 28, 24, 19, 3]
[2, 40, 39, 24, 17, 33, 3]
[2, 10, 11, 3, 2, 39, 28, 16, 8, 16, 13, 16, 4, 3]
[2, 33, 11, 17, 39, 12, 5, 12, 8, 25, 30, 24, 3]
[2, 37, 37, 9, 39, 27, 1, 24, 30, 22, 3]
[2, 37, 39, 3, 11, 10, 3]
[2, 9, 4, 0, 13, 13, 39, 15, 8, 13, 19, 24, 7, 5, 3]
[2, 8, 6, 39, 23, 24, 9, 26, 3]
[2, 13, 36, 14, 33, 35, 4, 2, 33, 24, 28, 10, 12, 22, 17, 14, 30, 4, 7, 39, 14, 9, 33, 30, 14, 28, 23, 4, 25, 17, 13, 35, 24, 31, 17, 22, 16, 10, 17, 7, 3]
[2, 38, 7, 8, 13, 39, 18, 19, 35, 33, 4, 21, 3]
[2, 23, 39, 14, 32, 15, 30, 3]
[2, 3, 9, 39, 24, 30, 25, 31, 12, 3]
[2, 28, 24, 12, 39, 6, 4, 33, 26, 32, 22, 3]
[2, 11, 32, 13, 9, 15, 39, 24, 3, 31, 17, 6, 28, 20, 2, 3]
[2, 23, 5, 38, 5, 39, 35, 19, 15, 33, 11, 2, 6, 16, 3]
[2, 7, 35, 39, 7, 9, 7, 9, 4, 3]
[2, 5, 37, 39, 21, 18, 7, 5, 3]
[2, 21, 2, 32, 39, 19, 16, 9, 2, 17, 23, 12, 15, 3]
[2, 32, 13, 0, 39, 0, 30, 11, 3, 7, 3]
[2, 10, 32, 36, 39, 16, 13, 22, 32, 4, 28, 6, 3]
[2, 38, 17, 39, 9, 23, 25, 1, 16, 3]
[2, 8, 39, 11, 24, 4, 9, 3, 17, 2, 5, 3]
[2, 8, 38, 18, 9, 34, 12, 4, 27, 28, 6, 39, 13, 31, 30, 12, 28, 31, 0, 26, 7, 23, 33, 7, 3]
[2, 24, 17, 7, 1, 39, 7, 1, 33, 21, 6, 24, 30, 13, 3]
[2, 4, 24, 3, 22, 24, 16, 24, 22, 9, 2, 39, 32, 18, 18, 16, 15, 13, 24, 10, 22, 33, 2, 13, 3]
[2, 30, 21, 34, 4, 3, 36, 4, 39, 31, 12, 35, 14, 27, 5, 12, 14, 8, 3]
[2, 40, 39, 24, 19, 25, 0, 15, 22, 1, 7, 2, 26, 17, 20, 4, 11, 3]
[2, 36, 39, 22, 1, 22, 3]
[2, 2, 14, 24, 13, 24, 20, 1, 16, 12, 31, 39, 22, 4, 10, 18, 16, 8, 7, 19, 12, 24, 30, 28, 26, 3]
[2, 12, 12, 0, 39, 4, 27, 31, 0, 1, 3]
[2, 10, 37, 39, 1, 31, 5, 16, 22, 20, 6, 2, 3]
[2, 22, 7, 33, 39, 25, 30, 32, 11, 16, 3]
[2, 33, 4, 20, 16, 5, 26, 24, 31, 39, 6, 0, 16, 24, 25, 17, 3, 20, 7, 30, 14, 9, 3]
[2, 16, 27, 20, 39, 20, 27, 9, 23, 12, 3]
[2, 2, 39, 22, 11, 8, 26, 10, 16, 21, 17, 12, 23, 6, 7, 35, 24, 14, 13, 19, 32, 3]
[2, 11, 4, 25, 25, 36, 32, 39, 32, 28, 28, 2, 8, 18, 12, 11, 16, 27, 19, 3]
[2, 23, 17, 39, 31, 23, 13, 19, 32, 17, 1, 18, 3]
[2, 14, 32, 23, 8, 31, 17, 39, 20, 8, 23, 33, 19, 17, 24, 13, 5, 25, 3]
[2, 35, 34, 6, 26, 39, 20, 4, 5, 26, 26, 14, 7, 30, 10, 2, 3]
[2, 40, 39, 30, 9, 33, 33, 12, 3]
[2, 21, 39, 16, 21, 7, 23, 12, 3]
[2, 19, 22, 13, 36, 21, 9, 38, 36, 0, 39, 14, 23, 15, 26, 21, 12, 15, 35, 9, 13, 13, 3, 3]
[2, 2, 29, 10, 36, 18, 39, 33, 10, 24, 16, 3, 25, 20, 19, 3]
[2, 12, 34, 9, 22, 6, 5, 2, 36, 13, 39, 18, 5, 0, 33, 35, 10, 8, 12, 9, 16, 2, 6, 5, 6, 12, 9, 3]
[2, 32, 38, 12, 16, 8, 39, 28, 8, 16, 19, 16, 5, 3, 2, 20, 32, 3]
[2, 40, 39, 21, 21, 15, 3]
[2, 40, 39, 16, 6, 5, 3]
[2, 40, 39, 27, 10, 17, 14, 22, 13, 3]
[2, 11, 13, 17, 2, 8, 15, 38, 37, 32, 39, 32, 2, 28, 24, 9, 24, 13, 28, 25, 8, 25, 3]
[2, 40, 39, 13, 25, 24, 3]
[2, 17, 39, 22, 27, 27, 3]
[2, 3, 39, 16, 20, 28, 2, 3]
[2, 5, 16, 0, 37, 39, 1, 16, 7, 20, 26, 31, 23, 5, 18, 6, 3]
[2, 7, 39, 11, 33, 1, 3]
[2, 4, 26, 37, 15, 11, 19, 20, 9, 1, 39, 26, 18, 8, 4, 24, 20, 21, 26, 18, 11, 18, 3]
[2, 16, 18, 5, 22, 27, 11, 39, 22, 3, 16, 26, 31, 35, 22, 2, 7, 11, 3]
[2, 12, 7, 39, 15, 26, 3, 15, 33, 9, 3]
[2, 23, 37, 20, 39, 4, 28, 33, 4, 16, 3]
[2, 40, 39, 20, 19, 24, 3]
[2, 11, 38, 23, 24, 18, 33, 28, 39, 8, 16, 31, 4, 15, 17, 25, 18, 2, 19, 31, 3, 3]
[2, 10, 39, 3, 13, 8, 17, 7, 23, 35, 11, 1, 6, 27, 10, 3]
[2, 40, 39, 33, 21, 8, 21, 3]
[2, 10, 0, 16, 19, 39, 35, 6, 19, 17, 10, 2, 4, 7, 3]
[2, 18, 19, 26, 10, 24, 25, 39, 7, 4, 28, 1, 16, 0, 24, 19, 3]
[2, 6, 21, 35, 4, 11, 13, 33, 10, 31, 29, 3, 8, 4, 39, 9, 21, 9, 26, 20, 27, 15, 8, 7, 1, 2, 20, 0, 26, 19, 3]
[2, 30, 21, 39, 12, 10, 2, 21, 3]
[2, 27, 7, 39, 18, 31, 18, 7, 9, 15, 33, 3]
[2, 28, 1, 5, 0, 7, 30, 13, 39, 19, 32, 8, 11, 22, 30, 20, 5, 5, 31, 3]
[2, 15, 32, 26, 15, 39, 17, 2, 19, 14, 0, 16, 10, 13, 5, 23, 3]
[2, 40, 39, 2, 12, 16, 31, 3]
[2, 32, 20, 15, 19, 39, 18, 6, 17, 15, 14, 3, 3]
[2, 34, 39, 10, 9, 15, 14, 8, 3, 1, 3]
[2, 32, 14, 15, 39, 16, 5, 30, 12, 26, 3]
[2, 12, 39, 16, 20, 35, 19, 28, 3]
[2, 1, 15, 36, 24, 13, 8, 6, 11, 39, 25, 6, 20, 12, 11, 10, 28, 30, 26, 5, 21, 3]
[2, 40, 39, 31, 27, 6, 4, 28, 20, 3]
[2, 30, 25, 31, 33, 4, 39, 5, 22, 18, 31, 2, 28, 10, 17, 3]
[2, 2, 16, 25, 21, 3, 33, 26, 39, 12, 22, 10, 21, 28, 35, 28, 15, 5, 3]
[2, 7, 11, 17, 23, 12, 9, 7, 10, 39, 2, 23, 7, 9, 14, 35, 1, 18, 20, 3, 3]
[2, 21, 22, 34, 14, 0, 23, 16, 39, 26, 21, 33, 15, 8, 17, 15, 15, 23, 30, 3]
[2, 37, 37, 14, 39, 21, 11, 3, 30, 12, 12, 27, 5, 27, 17, 3]
[2, 22, 7, 23, 35, 39, 22, 32, 35, 27, 5, 30, 7, 17, 14, 16, 26, 35, 3]
[2, 19, 38, 15, 1, 21, 39, 5, 4, 19, 18, 2, 31, 27, 18, 4, 3]
[2, 28, 38, 9, 39, 20, 5, 14, 18, 0, 10, 24, 8, 17, 19, 3]
[2, 3, 5, 18, 17, 39, 16, 2, 13, 20, 3, 14, 1, 28, 28, 3]
[2, 16, 39, 12, 15, 15, 3]
[2, 30, 39, 2, 24, 1, 3]
[2, 38, 6, 11, 8, 21, 37, 5, 21, 27, 39, 18, 5, 13, 31, 27, 16, 28, 6, 28, 12, 11, 21, 16, 3]
[2, 36, 38, 9, 39, 28, 28, 32, 31, 20, 15, 33, 2, 9, 33, 32, 26, 3]
[2, 1, 11, 10, 39, 12, 35, 19, 30, 5, 10, 24, 18, 3, 3]
[2, 29, 39, 12, 27, 18, 11, 35, 20, 1, 3]
[2, 40, 39, 26, 3, 9, 4, 13, 15, 3]
[2, 23, 39, 7, 13, 5, 15, 35, 3]
[2, 22, 32, 23, 27, 36, 25, 30, 35, 13, 39, 31, 12, 6, 32, 17, 7, 3, 30, 17, 16, 27, 0, 26, 3]
[2, 21, 4, 8, 28, 34, 39, 12, 31, 25, 11, 22, 27, 27, 12, 5, 15, 3]
[2, 1, 17, 37, 39, 35, 26, 4, 17, 16, 4, 3]
[2, 40, 39, 17, 28, 26, 25, 3]
[2, 15, 7, 34, 39, 10, 9, 0, 22, 13, 7, 3]
[2, 30, 12, 15, 22, 18, 23, 18, 34, 4, 39, 0, 10, 26, 23, 23, 20, 12, 2, 21, 16, 6, 4, 1, 33, 3]
[2, 2, 39, 9, 22, 22, 16, 33, 3]
[2, 19, 7, 29, 25, 22, 36, 14, 7, 36, 9, 7, 36, 22, 39, 5, 28, 4, 12, 0, 31, 19, 22, 14, 3, 11, 14, 32, 22, 31, 3]
[2, 35, 39, 14, 19, 22, 3]
[2, 9, 39, 8, 31, 7, 20, 19, 10, 27, 16, 2, 22, 1, 32, 23, 11, 3, 3]
[2, 22, 34, 39, 18, 3, 7, 22, 19, 9, 6, 26, 27, 19, 3]
[2, 27, 39, 25, 15, 35, 16, 3]
[2, 28, 17, 39, 6, 11, 9, 26, 10, 26, 20, 18, 3]
[2, 37, 17, 21, 39, 35, 1, 20, 27, 33, 9, 16, 11, 24, 30, 3]
[2, 32, 31, 2, 28, 7, 2, 39, 32, 6, 9, 25, 11, 19, 3, 2, 33, 20, 3]
[2, 3, 4, 18, 2, 39, 14, 19, 16, 21, 22, 26, 10, 3]
[2, 40, 39, 15, 9, 33, 22, 28, 16, 13, 0, 26, 32, 27, 4, 3]
[2, 34, 4, 20, 24, 9, 39, 15, 30, 31, 1, 35, 19, 13, 3]
[2, 40, 39, 26, 8, 5, 27, 7, 21, 28, 3]
[2, 25, 39, 19, 19, 13, 25, 1, 3]
[2, 30, 25, 11, 33, 30, 39, 9, 18, 9, 25, 12, 31, 17, 33, 32, 24, 3]
[2, 4, 39, 23, 20, 17, 19, 26, 10, 7, 33, 19, 3]
[2, 9, 17, 6, 39, 22, 22, 9, 33, 24, 3]
[2, 40, 39, 32, 32, 0, 7, 0, 1, 3]
[2, 40, 39, 0, 3, 0, 3]
[2, 36, 25, 9, 32, 6, 10, 20, 39, 11, 35, 19, 21, 1, 20, 30, 20, 5, 3]
[2, 8, 23, 19, 16, 5, 25, 6, 39, 13, 30, 18, 17, 10, 25, 24, 20, 5, 3]
[2, 3, 39, 6, 22, 8, 22, 16, 14, 30, 16, 3]
[2, 40, 39, 9, 26, 16, 17, 35, 3]
[2, 28, 38, 12, 18, 2, 10, 18, 23, 39, 4, 1, 16, 24, 31, 22, 7, 27, 30, 20, 8, 12, 14, 18, 23, 6, 23, 3]
[2, 40, 39, 35, 27, 0, 1, 26, 22, 21, 3, 3]
[2, 12, 39, 28, 16, 8, 6, 15, 1, 3]
[2, 9, 11, 21, 16, 22, 19, 21, 36, 26, 10, 19, 0, 39, 3, 12, 31, 24, 6, 9, 6, 33, 21, 19, 28, 28, 11, 30, 3]
[2, 1, 39, 12, 18, 7, 32, 33, 2, 30, 21, 11, 35, 13, 27, 3]
[2, 11, 39, 12, 28, 0, 3]
[2, 40, 39, 21, 31, 28, 3]
[2, 15, 7, 39, 8, 19, 6, 14, 23, 8, 14, 16, 3]
[2, 13, 30, 14, 4, 21, 17, 3, 22, 39, 31, 13, 18, 13, 19, 32, 3, 18, 22, 26, 13, 35, 3]
[2, 26, 27, 39, 20, 0, 0, 28, 13, 3]
[2, 37, 4, 39, 15, 8, 31, 19, 3]
[2, 31, 24, 19, 2, 36, 39, 1, 6, 3, 4, 23, 35, 2, 17, 3]
[2, 40, 39, 8, 23, 10, 30, 3]
[2, 29, 7, 31, 3, 17, 39, 14, 0, 21, 33, 30, 7, 11, 8, 0, 3]
[2, 32, 39, 27, 31, 23, 30, 7, 3]
[2, 26, 36, 39, 28, 8, 22, 0, 23, 3]
[2, 9, 39, 23, 26, 11, 16, 9, 3, 13, 31, 10, 28, 3]
[2, 13, 39, 16, 5, 3, 3]
[2, 4, 39, 18, 31, 33, 16, 10, 30, 3]
[2, 4, 24, 39, 28, 5, 21, 25, 0, 3]
[2, 28, 17, 39, 14, 14, 17, 18, 3]
[2, 26, 21, 33, 39, 3, 27, 5, 17, 2, 13, 20, 15, 11, 3]
[2, 18, 14, 16, 25, 39, 20, 14, 5, 18, 22, 5, 0, 3]
[2, 0, 24, 9, 39, 27, 20, 5, 3, 12, 3]
[2, 35, 19, 28, 37, 19, 9, 39, 13, 32, 17, 28, 8, 32, 24, 11, 25, 3]
[2, 28, 7, 28, 38, 39, 1, 10, 18, 10, 26, 16, 3, 12, 3]
[2, 4, 19, 5, 17, 22, 27, 39, 17, 7, 11, 12, 24, 25, 23, 5, 32, 3]
[2, 18, 28, 20, 18, 18, 12, 4, 28, 20, 14, 7, 28, 7, 39, 5, 4, 0, 16, 3, 1, 22, 8, 18, 14, 8, 2, 23, 33, 2, 3]
[2, 40, 39, 25, 13, 26, 3]
[2, 3, 6, 6, 23, 0, 39, 3, 33, 0, 15, 32, 13, 33, 3]
[2, 27, 39, 19, 33, 17, 1, 30, 25, 3]
[2, 15, 16, 39, 28, 31, 32, 23, 26, 3]
[2, 28, 32, 39, 10, 26, 35, 8, 27, 17, 3]
[2, 40, 39, 7, 13, 10, 25, 23, 3, 3]
[2, 3, 39, 27, 35, 23, 32, 33, 24, 33, 17, 10, 20, 3]
[2, 22, 35, 39, 31, 8, 22, 28, 20, 14, 3]
[2, 11, 26, 38, 25, 9, 21, 33, 28, 26, 39, 9, 12, 15, 28, 10, 21, 16, 32, 6, 19, 7, 9, 27, 3]
[2, 15, 39, 20, 12, 7, 25, 26, 3]
[2, 27, 39, 0, 27, 13, 26, 5, 32, 15, 33, 20, 25, 11, 3]
[2, 40, 39, 18, 20, 0, 19, 3]
[2, 40, 39, 12, 30, 12, 35, 3]
[2, 30, 3, 29, 28, 15, 1, 39, 26, 12, 17, 32, 4, 26, 21, 31, 14, 27, 3]
[2, 4, 4, 25, 2, 39, 32, 18, 12, 25, 4, 1, 3]
[2, 35, 39, 25, 1, 4, 21, 3]
[2, 40, 39, 21, 28, 27, 31, 33, 3]
[2, 16, 31, 7, 29, 37, 24, 8, 10, 31, 1, 39, 30, 31, 11, 8, 18, 0, 15, 13, 17, 1, 21, 14, 26, 31, 3, 32, 4, 6, 3]
[2, 24, 32, 33, 39, 35, 8, 30, 20, 30, 13, 0, 33, 30, 3]
[2, 22, 30, 25, 39, 24, 9, 10, 14, 17, 15, 3]
[2, 23, 38, 9, 9, 12, 19, 39, 21, 3, 16, 35, 14, 17, 25, 15, 2, 3]
[2, 1, 22, 23, 39, 18, 1, 13, 24, 31, 4, 10, 13, 3]
[2, 24, 39, 15, 5, 16, 3]
[2, 26, 33, 39, 23, 10, 10, 6, 12, 3]
[2, 40, 39, 12, 4, 16, 6, 28, 20, 3]
[2, 11, 23, 30, 39, 10, 33, 16, 9, 21, 3]
[2, 2, 27, 36, 39, 19, 30, 30, 8, 33, 3]
[2, 40, 39, 30, 26, 9, 16, 28, 8, 25, 9, 3]
[2, 23, 14, 39, 6, 23, 21, 1, 35, 11, 3, 3]
[2, 34, 4, 17, 19, 26, 11, 25, 39, 5, 27, 20, 5, 20, 13, 18, 15, 0, 13, 30, 3]
[2, 29, 36, 24, 39, 14, 2, 8, 5, 11, 5, 28, 16, 3]
[2, 40, 39, 19, 30, 21, 20, 3]
[2, 40, 39, 3, 25, 30, 3]
[2, 3, 9, 11, 39, 6, 11, 14, 6, 27, 3]
[2, 16, 32, 1, 5, 15, 39, 12, 1, 22, 25, 16, 19, 17, 18, 3]
[2, 11, 26, 30, 7, 25, 35, 21, 39, 3, 33, 32, 10, 26, 12, 23, 22, 8, 3]
[2, 0, 34, 12, 31, 10, 17, 18, 0, 22, 39, 26, 17, 3, 19, 6, 2, 7, 1, 3, 24, 19, 3]
[2, 1, 8, 4, 4, 28, 8, 6, 15, 0, 26, 22, 13, 0, 14, 16, 7, 39, 23, 28, 0, 24, 30, 22, 4, 16, 18, 21, 16, 6, 0, 28, 18, 7, 6, 26, 3]
[2, 32, 16, 39, 6, 3, 30, 10, 3]
[2, 0, 39, 16, 23, 19, 32, 28, 11, 14, 3]
[2, 34, 36, 7, 4, 39, 12, 1, 9, 20, 19, 25, 30, 3]
[2, 22, 17, 19, 28, 31, 33, 5, 38, 29, 26, 10, 20, 39, 32, 24, 5, 19, 4, 26, 9, 7, 28, 6, 10, 13, 17, 8, 20, 3]
[2, 24, 17, 24, 33, 28, 39, 21, 27, 9, 15, 21, 19, 9, 20, 3]
[2, 11, 39, 30, 25, 3, 3]
[2, 15, 39, 8, 35, 19, 1, 31, 12, 0, 21, 3]
[2, 2, 28, 3, 25, 39, 31, 19, 5, 15, 6, 16, 12, 23, 3]
[2, 37, 39, 31, 6, 30, 3]
[2, 40, 39, 4, 32, 18, 3]
[2, 1, 1, 39, 22, 8, 27, 27, 3]
[2, 33, 4, 33, 32, 39, 35, 4, 19, 28, 11, 1, 3]
[2, 25, 4, 39, 25, 22, 20, 6, 5, 3]
[2, 34, 18, 14, 23, 10, 39, 20, 13, 31, 14, 0, 3, 28, 3]
[2, 25, 39, 0, 19, 0, 4, 1, 21, 22, 3]
[2, 4, 39, 12, 28, 8, 3]
[2, 2, 3, 39, 7, 21, 3, 11, 24, 3]
[2, 40, 39, 18, 12, 11, 0, 9, 11, 13, 22, 3]
[2, 37, 10, 39, 12, 11, 33, 33, 24, 24, 3]
[2, 40, 39, 18, 22, 31, 11, 4, 11, 23, 6, 3]
[2, 9, 26, 16, 25, 33, 12, 39, 18, 11, 25, 0, 33, 30, 8, 7, 3]
[2, 15, 39, 31, 32, 18, 28, 0, 3]
[2, 16, 25, 7, 18, 34, 20, 5, 39, 22, 28, 13, 9, 20, 7, 5, 17, 33, 13, 6, 17, 9, 3]
[2, 12, 15, 39, 2, 19, 12, 6, 9, 17, 13, 3]
[2, 9, 14, 39, 35, 9, 19, 15, 20, 3]
[2, 40, 39, 8, 12, 27, 23, 35, 3]
[2, 36, 39, 23, 23, 27, 19, 19, 9, 3]
[2, 40, 39, 20, 2, 17, 3]
[2, 15, 39, 25, 14, 26, 10, 13, 3]
[2, 28, 2, 21, 24, 15, 30, 23, 4, 8, 31, 39, 0, 24, 18, 13, 19, 33, 1, 23, 20, 5, 4, 32, 31, 15, 26, 3]
[2, 24, 14, 39, 1, 2, 15, 23, 26, 17, 3]
[2, 33, 29, 23, 27, 25, 39, 18, 8, 27, 27, 6, 20, 21, 3]
[2, 4, 25, 34, 1, 39, 23, 1, 30, 32, 7, 33, 16, 2, 35, 3, 4, 14, 17, 5, 15, 3]
[2, 37, 18, 1, 24, 18, 24, 15, 14, 39, 5, 10, 8, 24, 12, 14, 11, 27, 30, 19, 2, 3, 32, 24, 3]
[2, 10, 24, 39, 11, 2, 15, 11, 4, 3]
[2, 40, 39, 9, 17, 24, 16, 3]
[2, 28, 1, 33, 10, 6, 15, 11, 15, 20, 39, 31, 26, 3, 16, 1, 14, 4, 35, 33, 25, 24, 18, 9, 8, 10, 3]
[2, 9, 21, 25, 39, 0, 16, 23, 32, 0, 3]
[2, 29, 25, 2, 32, 16, 34, 8, 1, 4, 8, 39, 17, 2, 3, 1, 15, 1, 27, 14, 8, 9, 19, 0, 14, 21, 3]
[2, 10, 0, 36, 28, 33, 20, 39, 9, 21, 33, 19, 10, 19, 1, 25, 7, 16, 20, 25, 27, 3]
[2, 27, 39, 8, 12, 32, 25, 3]
[2, 27, 5, 12, 22, 39, 35, 9, 9, 35, 9, 19, 17, 16, 25, 11, 25, 3]
[2, 14, 32, 18, 11, 35, 21, 39, 6, 1, 32, 18, 28, 7, 25, 30, 10, 6, 3]
[2, 2, 9, 29, 32, 27, 39, 0, 31, 16, 3, 25, 18, 14, 3]
[2, 22, 10, 39, 18, 1, 8, 28, 3]
[2, 20, 39, 13, 12, 19, 19, 27, 10, 11, 20, 17, 3]
[2, 26, 1, 3, 39, 19, 7, 16, 2, 28, 12, 14, 27, 21, 15, 3]
[2, 40, 39, 7, 17, 14, 27, 3]
[2, 32, 24, 35, 6, 23, 20, 19, 30, 38, 39, 17, 16, 26, 8, 0, 31, 20, 7, 11, 28, 24, 14, 3]
[2, 40, 39, 14, 2, 19, 35, 1, 3]
[2, 13, 39, 24, 19, 25, 3]
[2, 13, 8, 23, 3, 15, 39, 9, 32, 35, 26, 19, 2, 14, 23, 25, 13, 28, 3]
[2, 19, 22, 9, 13, 39, 22, 18, 6, 16, 27, 20, 20, 13, 6, 22, 3]
[2, 5, 39, 33, 11, 8, 3]
[2, 16, 39, 27, 28, 11, 24, 25, 3]
[2, 38, 23, 4, 33, 33, 37, 20, 1, 39, 20, 35, 30, 1, 7, 33, 14, 19, 20, 30, 32, 20, 3]
[2, 24, 8, 13, 39, 13, 32, 6, 20, 13, 3, 1, 3]
[2, 17, 9, 11, 26, 5, 11, 8, 16, 39, 33, 26, 15, 25, 28, 5, 18, 2, 1, 35, 17, 23, 16, 32, 3]
[2, 29, 39, 31, 21, 9, 31, 27, 1, 3]
[2, 9, 39, 5, 26, 13, 3]
[2, 40, 39, 19, 0, 35, 3]
[2, 40, 39, 17, 35, 30, 3]
[2, 16, 9, 14, 39, 15, 26, 9, 33, 26, 3]
[2, 40, 39, 0, 17, 32, 3]
[2, 33, 34, 19, 39, 5, 8, 21, 19, 27, 13, 3, 35, 3]
[2, 6, 36, 32, 39, 20, 35, 27, 25, 24, 17, 11, 9, 3]
[2, 31, 21, 39, 21, 9, 17, 0, 26, 3]
[2, 3, 39, 1, 15, 13, 9, 3]
[2, 5, 10, 9, 4, 36, 19, 39, 9, 15, 32, 24, 5, 7, 9, 9, 22, 3]
[2, 3, 31, 39, 9, 32, 13, 17, 23, 22, 4, 19, 33, 3]
[2, 5, 6, 39, 22, 18, 31, 35, 3, 21, 21, 3]
[2, 40, 39, 27, 19, 12, 19, 3]
[2, 33, 32, 39, 0, 17, 22, 10, 28, 3]
[2, 40, 39, 7, 32, 24, 23, 1, 8, 35, 2, 18, 3]
[2, 14, 15, 21, 16, 3, 15, 39, 17, 12, 35, 35, 12, 15, 17, 14, 32, 3]
[2, 38, 16, 36, 34, 9, 25, 35, 39, 19, 25, 13, 12, 11, 9, 12, 18, 30, 28, 2, 3]
[2, 0, 15, 28, 39, 20, 15, 7, 17, 24, 13, 7, 3]
[2, 15, 10, 34, 0, 0, 39, 6, 12, 30, 26, 0, 13, 27, 24, 12, 13, 14, 3]
[2, 40, 39, 4, 20, 35, 9, 18, 33, 22, 24, 3]
[2, 18, 30, 0, 26, 39, 30, 13, 33, 6, 35, 17, 10, 3]
[2, 25, 11, 15, 11, 39, 25, 15, 4, 0, 20, 13, 13, 3]
[2, 33, 39, 27, 9, 16, 14, 18, 32, 7, 12, 6, 3]
[2, 27, 12, 33, 18, 39, 13, 27, 19, 0, 15, 27, 11, 22, 9, 3]
[2, 17, 39, 16, 25, 30, 3]
[2, 13, 12, 7, 4, 39, 16, 26, 23, 7, 32, 20, 0, 31, 3]
[2, 21, 8, 19, 25, 23, 28, 4, 39, 32, 9, 1, 26, 11, 27, 17, 22, 33, 3]
[2, 9, 24, 9, 22, 39, 10, 25, 19, 8, 1, 26, 21, 33, 3]
[2, 23, 33, 0, 8, 35, 15, 38, 39, 35, 35, 21, 11, 1, 13, 8, 15, 9, 16, 3]
[2, 33, 17, 29, 17, 39, 12, 8, 6, 0, 2, 21, 30, 14, 3]
[2, 2, 39, 18, 7, 8, 3]
[2, 32, 33, 28, 39, 27, 11, 6, 8, 23, 19, 12, 20, 3]
[2, 21, 29, 37, 27, 10, 4, 0, 8, 15, 39, 14, 5, 17, 6, 27, 31, 31, 6, 12, 30, 17, 0, 19, 3]
[2, 35, 31, 39, 1, 35, 35, 35, 33, 3]
[2, 40, 39, 32, 33, 35, 13, 3]
[2, 24, 13, 39, 18, 5, 15, 12, 3]
[2, 8, 14, 7, 26, 28, 9, 33, 16, 33, 16, 29, 39, 30, 6, 22, 35, 33, 22, 12, 10, 32, 21, 17, 21, 35, 3]
[2, 0, 33, 38, 13, 39, 26, 26, 3, 23, 30, 10, 28, 22, 3]
[2, 1, 1, 11, 33, 20, 6, 39, 8, 16, 33, 7, 19, 31, 17, 9, 3]
[2, 40, 39, 35, 20, 6, 3]
[2, 15, 17, 32, 14, 39, 25, 32, 12, 24, 32, 20, 30, 18, 3]
[2, 18, 33, 0, 39, 17, 2, 4, 22, 5, 3, 3]
[2, 40, 39, 10, 15, 30, 13, 24, 8, 35, 11, 19, 32, 3]
[2, 38, 13, 30, 39, 31, 27, 4, 10, 18, 14, 3]
[2, 30, 17, 12, 30, 8, 1, 36, 30, 7, 9, 1, 5, 30, 38, 39, 23, 1, 12, 1, 32, 25, 10, 26, 13, 6, 11, 21, 5, 22, 9, 7, 31, 3]
[2, 11, 39, 12, 11, 26, 13, 10, 6, 27, 2, 3]
[2, 16, 35, 23, 9, 18, 31, 29, 34, 2, 36, 34, 8, 39, 0, 35, 33, 10, 13, 7, 28, 22, 4, 17, 8, 24, 6, 18, 20, 27, 2, 5, 3, 3]
[2, 29, 11, 10, 35, 9, 13, 21, 36, 7, 39, 23, 18, 8, 35, 16, 10, 24, 14, 21, 30, 31, 2, 3, 20, 21, 15, 35, 11, 6, 19, 3]
[2, 19, 34, 20, 8, 7, 30, 39, 27, 8, 30, 27, 13, 24, 15, 7, 26, 31, 28, 3]
[2, 4, 38, 7, 25, 39, 31, 7, 18, 5, 25, 8, 0, 8, 20, 18, 3]
[2, 34, 24, 12, 35, 30, 39, 30, 23, 5, 12, 20, 14, 4, 9, 31, 26, 8, 22, 11, 19, 3]
[2, 9, 35, 0, 8, 9, 35, 18, 15, 36, 16, 16, 39, 18, 21, 8, 2, 25, 3, 10, 33, 13, 26, 14, 24, 11, 31, 3]
[2, 20, 1, 39, 3, 26, 5, 20, 21, 0, 35, 3]
[2, 33, 10, 39, 16, 31, 16, 27, 3]
[2, 20, 39, 10, 1, 4, 15, 5, 13, 3]
