36,25,13,19,21,13,4,5,17
30,18,15,3,31,10,30,12,13
21,16,25,19,18,11,4,4,20
29,7,2,11,4,12,7,34,21
24,21,32,26,9,23,18,13,8
15,38,32,5,12,16,26,29,14
24,30,20,12,28,8,22,7,9
10,15,15,7,23,12,1,26,17
6,16,4,9,17,30,1,32,8
11,31,34,19,17,5,14,10,16
18,8,27,31,2,2,14,18,25
28,25,6,28,29,24,21,15,7
18,6,31,29,31,22,3,32,2
34,9,25,18,17,14,31,3,23
2,33,27,16,7,6,32,4,16
15,11,21,8,21,3,15,24,2
10,19,22,4,31,5,29,19,9
9,15,4,28,32,8,18,20,1
26,9,28,7,34,29,29,16,10
13,10,31,15,14,26,6,14,18
37,20,4,27,4,27,22,8,24
31,34,25,20,22,18,27,34,25
22,38,10,19,32,18,18,27,20
22,14,13,11,11,13,6,20,11
10,23,13,11,13,23,12,33,16
19,29,3,31,34,27,18,15,25
15,1,26,26,32,31,8,18,12
29,6,30,10,23,1,17,15,14
3,16,5,1,9,28,25,6,5
13,29,2,29,10,28,29,32,24
24,14,28,27,23,19,25,25,5
27,19,9,14,8,16,32,9,8
11,30,5,1,16,20,1,15,5
15,16,3,17,9,10,28,15,19
26,30,30,5,6,26,28,12,5
36,1,5,9,30,32,4,30,8
37,36,32,4,30,16,25,6,7
20,34,13,19,24,11,15,4,24
3,29,5,6,30,27,7,29,21
33,10,16,33,2,3,16,34,20
21,1,9,29,23,4,5,21,24
26,8,32,10,18,7,22,11,22
29,37,8,24,9,4,6,8,4
27,4,17,1,7,3,15,17,26
29,17,12,15,7,3,23,12,19
35,36,9,1,8,12,12,19,15
6,34,15,22,17,20,14,22,23
18,3,27,8,31,2,32,9,18
27,24,23,32,3,15,1,24,8
7,13,22,17,10,16,32,13,7
5,25,20,27,8,1,7,25,19
29,6,32,30,11,4,25,31,16
4,39,18,31,26,18,34,3,13
7,28,22,25,11,4,28,15,3
11,25,17,10,8,23,31,30,24
10,10,3,9,30,18,7,17,16
15,25,26,4,25,6,33,15,15
5,21,33,1,17,27,8,7,6
27,3,30,8,27,28,17,22,15
22,8,1,28,28,10,13,34,2
20,25,18,4,8,12,5,6,25
38,15,4,28,27,26,2,7,14
32,18,31,7,10,33,11,4,7
19,33,28,31,5,12,17,16,22
12,4,24,12,34,13,31,32,21
1,23,9,23,31,33,6,24,8
9,32,2,27,34,10,14,25,20
2,31,3,25,20,4,30,3,8
33,8,33,33,34,21,23,31,19
37,18,33,3,20,20,33,18,21
15,27,25,21,7,26,8,15,25
12,2,23,30,19,25,25,33,7
15,26,34,32,28,30,4,17,20
10,4,7,11,4,26,9,28,12
19,27,23,13,29,33,21,15,12
32,1,9,12,22,4,18,11,22
13,38,31,4,15,2,3,15,8
24,37,5,20,11,7,13,14,25
1,9,21,34,23,25,23,14,4
21,35,31,12,13,5,25,2,18
4,39,27,17,6,32,6,2,16
5,30,20,34,13,6,10,17,11
13,34,14,28,12,31,17,9,16
12,14,18,31,7,29,21,21,9
38,4,6,1,10,1,29,25,4
24,3,24,8,27,16,18,4,8
14,30,18,25,26,10,9,14,24
1,30,31,28,29,7,34,20,7
1,34,7,23,17,5,13,13,5
32,10,23,31,6,22,18,5,7
15,27,20,31,18,8,14,4,6
23,19,31,25,29,20,5,30,23
3,34,1,34,6,24,29,28,8
36,18,21,21,20,27,19,1,5
19,31,5,31,28,33,11,8,3
33,20,15,3,18,25,10,4,3
7,7,7,32,29,13,4,30,6
31,5,10,7,17,34,25,18,19
34,18,20,5,21,15,10,17,18
4,13,29,12,15,26,21,34,18
8,9,1,18,10,34,19,14,6
13,27,33,14,13,17,8,17,13
36,22,30,16,5,2,10,28,21
25,10,29,29,9,29,20,29,11
38,33,14,34,16,17,34,4,5
6,6,5,23,12,11,29,22,10
15,22,26,8,1,27,9,18,17
24,35,25,1,33,23,26,29,9
17,3,24,8,28,8,7,3,12
10,31,24,30,5,16,9,4,8
8,23,5,34,7,31,16,1,20
2,21,19,23,29,28,4,29,15
6,20,25,18,11,22,29,23,1
18,18,15,17,19,17,12,2,25
14,16,27,12,10,9,30,21,4
34,7,2,6,4,25,32,26,25
39,32,20,4,5,29,3,7,21
17,38,29,9,21,5,26,24,23
17,19,6,22,32,11,20,32,8
34,3,18,13,2,17,26,33,4
15,9,16,7,17,7,18,12,6
33,3,9,7,18,10,3,30,16
39,35,21,2,16,30,22,34,22
9,36,13,34,9,7,30,10,19
2,27,28,31,13,26,23,29,20
16,10,9,28,26,12,18,1,16
31,29,19,4,31,24,10,1,10
5,15,16,17,28,10,26,25,3
29,32,18,24,31,24,25,24,19
5,14,18,31,33,10,14,34,18
19,13,17,21,24,24,2,34,13
6,37,30,29,20,16,11,11,3
26,36,27,6,20,30,1,1,18
32,21,1,23,30,21,6,17,26
23,3,4,28,12,31,33,10,3
19,13,19,33,3,4,17,34,9
13,24,24,10,10,9,29,32,14
35,35,25,30,1,15,26,18,8
3,4,32,29,16,18,31,7,22
10,8,5,11,16,26,20,26,1
24,25,10,27,9,25,24,23,14
4,5,18,31,26,11,34,2,22
16,16,4,27,19,14,19,9,5
26,3,18,9,24,31,28,1,17
8,6,28,4,27,34,34,31,19
12,10,16,7,20,9,22,2,18
11,27,12,9,9,17,3,34,24
5,20,29,5,19,31,9,31,23
5,25,30,12,2,16,13,18,25
32,9,15,33,14,5,19,33,21
12,13,6,20,19,27,5,1,17
7,7,26,24,15,33,9,16,7
30,26,14,26,22,31,20,5,11
16,27,32,19,25,20,24,32,22
23,29,25,4,6,6,27,15,25
27,9,5,12,3,26,34,33,2
29,34,6,13,23,24,27,33,5
12,13,26,1,8,12,12,20,17
31,19,21,5,18,24,28,17,6
6,39,22,4,8,21,13,7,9
4,37,26,6,32,5,15,30,13
34,4,6,25,6,9,23,34,2
15,12,28,14,20,25,34,23,13
25,31,26,34,18,22,29,13,7
32,26,14,5,23,16,25,23,25
23,14,27,9,20,28,32,28,4
32,30,21,28,12,19,15,19,17
34,17,13,33,24,19,31,25,6
21,1,34,20,9,1,31,28,4
16,35,16,3,3,10,8,31,3
33,18,21,18,29,19,14,20,13
18,2,5,23,5,3,31,11,21
23,28,21,6,15,30,9,19,25
29,20,32,26,26,25,2,8,11
26,39,18,19,17,14,21,1,19
32,8,19,14,32,29,7,26,15
21,7,12,8,1,32,16,18,6
2,32,21,22,32,27,19,4,11
5,28,19,7,11,30,3,1,1
21,7,3,30,6,21,29,33,7
30,24,30,11,6,24,33,12,22
11,38,8,32,13,18,10,23,7
9,8,6,7,22,20,7,18,9
18,36,14,23,24,22,1,7,22
27,33,14,16,23,25,6,9,10
12,34,25,30,16,17,13,24,8
29,15,19,8,3,16,27,23,1
8,28,19,21,30,26,33,6,9
31,21,10,23,5,29,6,27,8
11,3,2,3,26,33,15,11,9
2,33,25,17,25,27,12,32,21
36,4,9,17,20,17,22,10,8
26,10,4,26,10,29,27,8,17
36,16,3,19,27,32,17,26,7
3,19,29,20,27,26,13,21,26
37,7,14,22,18,18,16,21,22
34,27,26,18,10,4,13,28,12
28,19,19,29,31,25,4,23,7
31,37,14,25,7,12,25,31,16
3,8,5,21,20,26,4,11,26
34,6,20,26,20,1,12,4,14
25,26,22,15,6,23,19,32,19
28,3,10,22,31,16,28,9,23
12,17,24,21,30,1,2,4,9
8,1,8,32,14,9,13,11,6
13,34,18,21,8,22,4,33,3
4,11,21,17,21,1,10,8,24
39,7,17,5,1,29,32,33,9
31,37,34,9,28,33,26,34,7
33,21,3,5,9,18,25,32,7
1,7,18,14,22,16,6,29,4
9,7,3,12,32,25,13,30,15
31,17,2,16,3,4,32,31,25
19,37,4,19,15,5,26,21,19
31,9,13,22,33,13,11,16,13
3,1,7,16,26,6,19,31,7
14,9,33,21,3,27,15,8,17
9,7,27,16,22,32,4,17,1
3,4,19,28,16,14,19,10,17
1,28,6,18,6,12,11,14,15
30,21,31,22,17,18,3,23,1
2,11,1,15,28,27,9,20,10
4,37,15,16,29,17,32,18,18
6,16,22,34,27,30,4,25,12
7,25,34,4,13,6,12,19,2
28,23,11,11,27,33,13,14,3
18,26,31,22,19,22,23,3,21
35,39,28,20,13,28,25,24,16
24,3,34,11,16,2,13,24,14
4,24,33,26,22,30,1,1,7
16,11,33,3,14,19,20,1,7
30,36,13,21,20,32,31,29,8
32,32,4,5,2,4,9,33,21
13,8,15,3,16,20,14,5,14
9,28,34,7,3,33,25,33,22
32,12,16,19,6,10,19,3,19
30,37,33,12,29,32,3,22,22
38,3,32,5,27,31,14,34,10
38,14,4,1,18,32,5,3,6
34,9,4,4,21,2,15,30,23
24,34,22,19,7,10,8,32,1
2,19,13,7,8,22,13,15,26
26,30,13,31,28,20,15,33,4
20,33,3,23,5,17,29,24,19
8,34,32,23,17,5,22,31,9
26,13,18,7,18,18,31,16,9
28,9,4,23,23,22,32,26,21
7,31,24,11,29,27,4,30,2
23,31,24,34,21,20,31,16,19
4,31,19,23,10,17,14,27,26
25,38,3,8,15,18,17,15,24
34,6,18,24,29,17,33,4,4
23,24,31,34,32,5,26,12,10
2,31,14,10,20,25,21,18,6
6,36,34,12,33,20,26,26,10
24,28,23,23,4,4,4,20,18
31,32,12,11,2,7,18,6,7
12,14,25,1,20,8,22,20,21
38,2,21,5,18,32,11,18,5
36,25,13,6,3,17,30,3,2
13,8,7,7,33,5,7,26,9
4,5,34,30,9,16,21,12,20
19,11,33,6,29,20,3,17,7
31,31,19,16,31,3,21,34,3
33,17,10,3,25,21,18,17,15
36,35,22,17,9,22,18,3,2
27,17,17,31,33,30,24,26,12
5,7,31,29,26,25,3,12,11
36,37,5,9,9,23,32,8,12
20,27,5,13,26,2,34,22,3
25,34,22,27,31,14,26,22,15
3,19,28,9,33,21,28,2,23
16,8,15,6,14,23,24,6,11
23,5,33,18,16,24,6,8,16
17,17,27,7,25,5,31,26,24
6,21,20,5,11,4,27,22,15
32,16,33,33,25,11,30,27,4
17,6,6,15,20,13,12,30,11
27,11,9,15,11,6,23,24,25
36,26,21,18,17,29,16,24,10
8,24,30,22,3,12,26,21,23
3,25,12,13,17,16,25,20,14
8,1,4,27,17,7,33,32,10
18,28,9,34,23,19,6,29,24
36,27,25,16,32,29,5,12,8
29,6,30,7,12,8,5,31,9
31,14,2,16,26,16,27,5,11
26,23,19,20,14,19,29,15,25
32,35,26,21,20,26,10,1,19
33,21,27,16,14,9,28,33,10
17,15,5,34,23,4,9,4,19
20,9,32,28,16,7,34,25,2
23,24,24,28,1,7,7,12,13
7,34,9,4,29,18,8,4,20
19,21,27,3,21,2,25,12,10
39,12,33,3,12,13,21,14,17
11,33,31,12,5,5,13,4,8
21,29,32,26,18,24,8,21,20
8,14,31,13,26,9,25,6,25
17,39,12,33,31,16,29,17,4
30,10,2,10,4,2,1,6,13
38,30,28,7,14,23,25,27,20
28,31,23,18,14,3,11,20,7
6,32,2,8,22,31,18,9,12
1,12,33,33,15,30,25,32,2
31,18,18,32,30,7,32,1,9
38,3,1,7,20,3,2,28,20
28,19,24,15,18,31,8,6,25
13,10,33,23,15,11,24,16,17
16,29,16,9,8,12,2,22,7
22,7,20,12,28,20,19,16,21
12,38,2,33,22,28,23,14,18
34,34,23,2,3,31,4,28,16
32,24,33,12,34,34,32,9,14
29,25,19,2,21,10,27,8,1
33,12,28,17,23,22,33,20,4
13,23,26,16,20,6,4,25,4
3,15,10,16,33,31,25,22,1
9,29,24,34,10,19,11,9,3
21,11,4,6,8,15,15,24,8
2,34,8,22,12,8,5,2,11
2,37,30,20,27,32,3,24,14
37,23,23,20,33,23,1,29,20
34,17,3,29,30,2,12,3,3
3,25,15,33,19,9,34,14,13
1,22,16,5,21,11,8,17,24
22,6,25,3,13,2,21,30,5
39,8,13,14,25,24,23,6,22
34,8,34,22,28,28,1,2,17
8,29,25,29,24,6,6,28,22
14,30,19,16,4,15,30,26,7
9,31,10,17,31,8,20,16,14
8,22,12,34,25,24,32,6,20
34,29,30,4,31,34,20,14,15
28,28,25,32,20,2,12,29,22
9,19,27,24,8,11,20,3,24
34,9,15,12,1,15,12,17,15
2,39,2,17,32,16,13,18,18
14,34,7,1,13,29,29,4,1
20,26,7,7,31,19,7,11,7
35,10,8,19,8,6,32,31,6
14,32,32,20,4,11,20,11,14
19,25,13,24,34,30,5,7,5
14,16,27,28,19,6,3,31,23
36,38,17,3,27,2,10,23,26
22,32,31,3,17,16,10,17,1
24,38,30,1,14,20,24,8,12
19,13,20,20,5,31,25,28,21
24,25,30,29,26,28,29,26,11
35,17,26,30,14,20,31,1,3
28,4,27,23,32,3,33,11,16
4,23,3,33,19,11,30,1,22
9,1,17,28,17,28,1,31,11
9,32,13,33,8,7,15,1,25
9,31,15,20,21,8,16,19,24
2,34,3,20,12,14,31,31,10
2,31,14,22,5,15,9,21,13
4,29,20,12,2,28,4,12,13
18,15,24,31,7,18,16,18,16
9,35,3,13,10,31,29,29,2
9,11,30,1,30,29,32,28,6
24,14,1,1,17,21,8,23,10
1,6,31,30,7,2,20,10,19
26,37,29,34,27,4,4,1,7
16,36,9,10,18,8,9,9,15
8,31,8,21,5,30,32,17,14
2,17,9,3,18,4,22,19,15
20,35,16,2,8,12,9,23,11
16,5,26,5,4,14,1,34,12
34,22,10,13,11,3,16,24,8
39,5,26,29,23,32,33,29,4
5,19,21,26,24,16,26,7,24
34,2,17,28,27,23,18,10,4
36,29,24,10,16,22,5,4,2
13,22,11,32,21,9,30,24,5
23,31,6,18,32,29,25,10,19
5,22,31,33,5,19,30,17,25
31,6,2,18,27,2,3,23,20
28,33,26,5,24,34,28,32,9
3,14,11,7,5,15,4,17,19
16,37,30,20,4,3,16,14,21
10,30,10,18,33,22,4,14,20
8,10,14,33,30,29,11,14,13
21,4,16,1,26,16,9,27,19
24,8,33,13,17,27,22,30,14
36,24,4,5,11,8,22,4,9
3,36,18,33,19,17,26,20,22
7,9,33,16,32,34,10,5,5
17,5,17,13,31,30,10,34,4
6,35,4,22,3,7,3,25,22
10,4,30,1,3,16,17,21,21
39,24,1,16,5,3,6,20,8
5,9,8,19,12,15,5,21,8
4,12,22,23,11,34,28,18,1
6,39,6,11,1,20,14,1,5
14,27,32,11,25,14,30,11,14
5,37,8,30,13,26,13,11,18
37,2,19,15,22,20,6,14,6
34,17,6,14,5,20,8,19,14
30,33,11,18,7,23,8,34,14
15,26,27,15,17,24,18,6,11
4,37,30,29,31,12,31,23,3
28,18,31,27,19,10,4,11,26
24,6,12,17,16,3,8,28,17
8,11,1,19,11,3,31,2,8
38,14,1,3,31,9,31,15,14
35,7,2,18,2,32,22,3,12
17,33,8,25,16,12,1,7,22
10,31,2,19,24,6,5,31,14
20,39,15,11,14,19,10,31,5
21,7,17,14,20,23,19,34,19
4,20,6,12,12,11,16,7,22
22,33,14,15,23,28,7,10,16
13,31,10,8,26,27,30,31,23
33,19,23,8,23,20,5,19,2
32,22,14,30,27,21,32,19,19
3,15,17,10,34,11,16,13,23
11,28,12,10,2,1,8,20,18
25,21,7,2,25,30,12,1,8
5,22,31,8,2,25,19,11,2
39,2,11,9,4,14,30,19,19
3,35,32,5,32,5,26,19,25
12,3,21,11,12,7,28,10,5
13,20,1,28,17,16,9,29,4
28,6,18,6,22,26,26,10,8
13,15,28,11,28,29,3,27,7
18,21,3,6,31,34,22,16,26
35,31,30,28,27,8,19,34,8
6,2,28,4,23,12,3,29,7
24,23,1,14,24,3,21,13,26
30,23,5,9,24,33,13,30,14
35,12,31,33,19,32,1,12,10
8,29,21,13,23,33,19,28,26
7,9,23,18,23,5,28,19,8
3,14,9,1,12,22,6,27,26
10,3,2,30,6,3,24,9,3
11,2,9,12,31,28,33,26,19
23,4,2,5,9,11,2,7,15
23,11,30,3,16,17,24,24,26
12,28,25,12,17,12,27,19,14
34,19,16,33,31,19,16,7,17
1,34,14,12,7,17,27,20,24
2,39,1,24,3,20,24,29,5
21,38,27,30,29,10,28,3,11
14,16,6,9,12,22,21,26,24
33,27,14,14,22,19,11,26,20
28,8,33,2,27,21,34,20,11
19,13,17,5,16,27,30,19,26
24,3,10,1,29,22,1,25,6
24,23,28,1,30,25,16,11,5
6,20,23,29,32,24,2,11,12
26,4,1,8,31,9,1,16,10
8,25,19,12,34,30,22,23,2
23,38,18,31,7,22,28,14,13
1,11,15,24,3,2,23,20,8
21,7,13,23,15,34,18,21,7
22,21,11,20,31,1,18,26,22
38,32,27,32,27,34,4,15,13
34,6,8,33,12,17,14,22,11
35,17,17,15,30,31,30,21,18
21,18,28,6,6,13,10,31,23
15,14,13,4,4,20,8,22,15
16,23,10,6,7,5,11,26,13
14,38,5,17,32,25,28,20,3
28,25,21,24,29,9,20,30,17
19,24,6,24,22,6,19,33,3
1,38,15,9,1,4,30,1,2
16,12,1,25,11,28,4,1,19
37,25,16,17,11,4,27,18,17
34,2,18,24,3,5,23,31,5
6,35,12,28,6,25,4,2,10
10,18,31,32,31,11,23,1,23
14,32,27,19,15,26,32,32,19
30,18,5,17,7,29,4,13,13
34,5,14,4,5,23,23,2,23
35,10,30,1,25,16,12,32,18
12,15,29,12,15,28,15,15,11
22,38,32,18,17,3,30,12,25
39,26,29,3,23,30,34,25,25
34,17,25,25,17,21,34,21,12
6,6,34,29,34,31,7,5,5
28,1,32,27,29,32,7,14,20
26,39,23,30,26,29,7,23,9
34,14,34,12,6,16,33,20,4
31,18,19,22,34,6,17,24,6
30,19,17,25,21,21,19,10,16
20,21,19,8,34,2,28,20,4
33,13,11,9,7,27,15,15,19
11,26,5,11,1,1,12,25,2
12,39,11,17,31,7,11,31,17
10,1,10,1,29,27,23,22,6
11,24,16,16,10,24,33,16,23
22,16,18,21,28,21,3,1,19
39,37,3,14,2,34,9,32,23
10,22,16,24,19,6,7,17,2
33,32,32,20,10,29,1,5,15
19,21,23,12,17,23,23,7,3
3,30,25,19,21,15,11,31,20
3,35,17,18,9,33,17,9,19
19,17,15,15,24,8,3,1,14
9,5,29,33,31,26,1,33,8
1,10,25,30,5,18,15,6,13
32,24,4,25,3,25,19,6,8
36,19,32,8,13,25,1,26,20
28,1,29,15,15,34,12,9,5
7,38,24,11,5,12,29,8,12
7,10,24,21,4,17,20,1,17
12,31,28,9,12,18,24,28,26
11,21,22,15,34,25,3,5,25
35,17,12,7,33,8,9,3,25
18,9,16,33,24,1,1,19,25
8,3,25,33,17,31,2,33,10
13,3,5,9,27,18,18,27,21
39,27,19,10,6,1,1,25,17
25,23,20,8,21,3,34,9,10
20,32,17,4,4,2,13,6,14
8,12,18,11,25,8,32,15,25
9,26,1,26,31,34,9,10,7
10,17,24,34,20,9,20,2,6
38,25,16,28,34,5,5,5,7
18,16,29,18,28,2,32,25,10
3,16,32,33,13,2,22,14,18
11,4,31,3,4,27,7,15,20
26,13,2,21,11,25,21,9,7
30,19,15,14,23,17,27,20,8
38,25,4,33,7,6,1,28,22
39,32,29,25,11,10,8,3,19
14,17,30,30,21,20,20,32,16
36,18,1,20,19,2,7,27,5
26,20,19,30,26,5,11,20,19
31,12,7,9,32,2,30,3,8
1,9,30,24,10,26,1,34,19
30,4,6,34,26,3,20,23,11
32,24,16,4,31,28,33,11,10
20,19,11,31,10,27,17,30,8
15,11,29,19,18,32,7,27,1
26,8,26,29,18,21,27,25,4
27,30,9,10,34,27,6,11,20
32,11,27,27,26,2,5,34,2
32,7,7,24,1,13,13,8,13
26,15,26,23,14,23,20,1,18
26,15,6,32,16,1,10,5,3
17,8,14,24,3,7,25,22,6
3,31,22,21,12,3,28,20,18
8,27,22,26,11,11,3,28,21
25,13,12,34,33,16,15,5,7
29,32,34,31,4,33,7,12,11
6,17,27,12,33,29,1,33,21
14,21,20,11,32,2,16,11,10
2,19,18,7,4,5,24,15,1
12,25,1,21,1,21,21,23,17
2,29,26,31,16,10,25,32,17
25,18,25,29,16,19,7,16,11
16,25,17,31,31,10,9,10,6
24,16,17,26,9,31,20,25,20
4,8,15,14,31,8,16,28,20
32,4,1,19,6,2,32,16,24
27,34,19,33,15,15,4,22,11
26,22,7,5,16,28,30,14,3
21,35,11,14,28,28,15,28,24
24,9,30,9,32,1,2,9,5
29,34,4,18,23,26,13,29,8
19,24,5,2,23,15,23,23,9
31,26,27,7,5,11,33,33,25
9,31,12,27,22,29,27,11,21
35,34,33,5,32,8,7,32,22
23,36,17,4,6,34,6,14,2
16,6,14,19,27,8,18,24,7
17,19,30,33,9,8,24,12,22
4,9,11,7,5,30,4,4,11
8,34,22,10,21,21,6,26,21
36,27,31,2,15,23,10,18,23
38,7,10,23,18,10,12,31,3
38,6,1,16,2,6,29,4,15
27,26,15,4,20,24,17,1,7
25,7,2,6,30,24,2,27,24
1,22,3,7,31,28,12,21,19
27,4,29,24,4,5,22,12,14
11,29,9,16,26,33,12,1,23
32,11,13,18,8,7,6,29,10
5,32,8,12,21,8,1,31,15
18,12,13,25,5,32,15,1,21
8,20,10,2,6,15,13,21,2
17,13,27,22,24,11,32,12,19
12,37,20,18,2,7,27,32,3
37,4,22,19,21,12,8,11,20
26,25,31,28,5,15,17,10,13
21,20,10,28,3,30,22,8,25
30,33,11,15,25,23,12,20,21
31,10,2,1,1,5,34,21,9
14,7,12,7,30,19,11,19,1
4,25,13,18,24,19,26,32,22
6,8,19,34,11,28,17,25,20
7,21,16,31,19,8,1,23,24
30,30,24,34,6,8,20,29,14
32,36,1,28,22,27,1,22,18
13,12,18,27,28,3,12,29,4
34,28,31,11,17,34,27,31,6
35,26,23,26,5,34,30,23,26
24,27,3,21,19,3,14,20,13
27,32,19,27,4,14,1,19,9
14,35,17,4,25,15,23,11,11
13,11,29,9,23,15,32,3,12
24,2,9,8,6,28,7,28,21
28,14,9,5,12,20,1,20,23
8,4,28,25,30,29,16,18,9
15,15,22,9,3,27,13,16,10
22,2,2,4,17,21,22,4,1
1,35,4,27,25,27,3,4,19
16,23,17,5,4,19,31,6,14
39,30,13,24,26,32,6,16,9
22,13,34,12,25,4,9,21,8
18,9,22,18,29,22,8,24,2
25,4,10,23,31,5,32,10,4
17,32,6,5,7,27,30,21,26
11,8,33,2,10,17,17,33,6
23,4,20,4,25,26,26,4,3
30,39,22,32,28,25,8,8,21
38,12,14,28,7,8,25,16,14
35,1,29,20,28,2,22,1,6
24,6,30,1,23,15,15,23,19
23,9,32,25,24,33,15,34,23
27,15,9,3,10,11,15,16,1
22,24,16,24,25,21,11,1,7
30,36,33,8,18,31,28,29,10
38,22,15,14,6,10,29,14,17
20,24,16,13,5,14,10,5,14
27,35,22,31,2,19,28,1,4
2,24,6,17,17,31,8,20,20
32,11,22,34,24,17,20,6,22
29,30,23,28,33,32,1,22,14
12,10,27,24,23,11,15,15,6
1,16,2,27,11,10,22,3,3
37,2,7,18,31,26,10,5,3
28,24,8,29,28,25,23,12,11
1,38,31,11,13,24,15,15,24
38,35,5,10,4,19,17,4,13
21,7,10,34,10,27,23,4,20
28,27,31,22,4,33,14,16,7
31,17,3,6,1,22,34,34,2
5,1,3,33,4,18,32,5,25
38,21,26,4,16,27,5,29,11
28,36,7,9,8,26,7,20,20
12,22,21,1,24,26,16,29,7
14,24,34,27,31,6,29,23,11
18,10,22,20,23,29,21,2,5
4,28,4,30,13,8,29,29,10
9,25,24,25,17,18,24,14,5
8,10,21,18,15,13,12,30,5
10,14,31,32,27,7,31,29,12
3,11,28,13,7,26,29,29,2
25,12,8,17,12,23,3,13,2
27,20,22,14,9,4,19,18,15
31,9,30,34,14,20,7,26,18
1,25,2,14,11,11,5,31,21
33,15,6,4,26,21,28,24,5
3,38,14,29,7,10,12,16,21
10,4,15,4,28,31,19,10,21
27,39,15,20,23,24,30,5,11
13,2,24,8,32,10,11,9,12
9,33,28,15,9,8,26,21,16
36,34,10,5,34,33,25,24,8
11,29,13,4,9,23,20,31,7
2,23,7,25,4,28,16,5,10
33,6,22,1,15,30,26,31,17
31,18,18,26,14,26,4,27,5
30,19,19,13,5,14,24,27,18
14,23,5,26,29,11,18,22,9
21,16,4,34,7,20,23,3,19
24,8,1,14,13,28,10,27,13
14,10,6,31,34,19,4,20,16
15,21,25,24,34,12,19,29,24
19,36,17,34,23,33,22,2,22
16,36,31,26,7,12,16,4,16
1,17,22,7,14,28,28,30,12
23,5,17,3,20,9,9,28,11
3,14,16,13,23,20,32,31,20
18,3,1,13,1,29,21,1,7
2,21,12,12,8,2,28,19,13
27,18,20,18,7,23,29,8,20
9,27,7,10,8,7,18,27,2
24,18,28,14,12,8,19,7,23
13,36,20,18,12,3,27,5,22
39,2,17,15,12,22,7,9,4
18,3,18,33,28,20,31,31,10
7,30,23,19,30,34,26,16,15
7,38,10,18,19,30,33,16,13
29,20,30,22,25,12,6,27,10
19,29,30,17,28,30,20,2,12
4,11,34,29,26,33,13,17,9
39,29,10,2,34,28,32,33,8
29,19,10,13,8,9,1,33,11
21,21,18,13,17,20,3,2,3
28,23,1,3,29,12,5,16,7
5,9,34,11,8,12,22,29,24
19,35,15,22,32,12,32,28,5
7,33,1,18,4,10,4,8,15
21,27,2,17,24,30,20,23,7
21,5,17,33,4,12,10,23,16
36,26,17,26,5,10,7,5,9
11,12,28,23,10,17,30,9,17
6,2,16,13,21,24,26,23,19
38,21,24,29,5,17,27,13,8
22,35,29,32,21,12,15,27,14
20,26,6,15,26,33,30,8,22
13,18,11,11,2,3,9,20,25
2,1,18,20,24,31,20,33,8
17,25,12,18,34,11,22,18,17
1,35,8,30,6,24,31,9,22
19,21,21,1,26,22,20,29,21
23,21,14,8,25,31,23,9,10
1,30,28,29,7,21,24,31,8
4,18,30,22,13,33,3,19,24
6,26,22,21,15,17,18,26,1
34,14,11,4,33,24,2,8,19
14,35,2,17,2,13,19,20,24
3,27,33,3,5,3,19,27,18
20,5,2,11,28,3,33,28,25
11,36,4,10,26,20,15,6,17
17,21,33,27,17,23,31,21,4
35,12,24,11,14,30,17,6,15
13,11,10,28,4,18,18,20,15
33,30,7,32,23,26,32,12,23
5,3,27,17,14,13,21,34,11
36,3,8,11,26,12,24,9,25
29,37,5,9,1,25,15,18,1
21,31,19,9,33,1,27,17,21
31,32,18,28,31,2,24,28,24
38,1,17,12,6,30,26,18,1
36,16,1,8,21,27,18,5,4
18,20,4,11,15,22,29,10,6
28,23,5,34,13,12,20,32,9
21,19,6,22,1,13,31,32,21
23,24,9,23,32,34,16,26,14
35,9,1,33,2,26,14,11,14
6,19,32,21,9,10,26,31,18
17,30,9,2,9,7,11,30,25
31,37,8,7,3,18,7,4,15
14,10,11,13,17,5,32,11,25
30,39,12,30,16,10,34,15,1
1,24,31,25,26,15,4,3,7
34,33,22,26,3,17,6,34,8
6,30,31,13,9,17,2,13,24
12,9,16,12,31,29,14,33,3
34,20,22,5,1,2,32,17,11
11,38,31,13,29,4,30,6,10
37,33,3,16,32,8,5,27,25
29,24,33,2,15,11,6,9,17
24,10,22,26,33,10,34,5,13
19,30,14,16,20,5,25,7,19
11,28,5,30,7,17,13,4,4
3,18,24,15,31,4,32,11,24
23,29,20,12,11,11,6,17,23
3,12,6,17,29,17,3,9,24
9,38,8,27,21,32,2,2,24
18,34,25,24,7,14,28,33,9
33,39,26,2,2,34,27,27,22
11,30,24,17,12,33,7,6,14
18,31,18,16,18,34,32,15,11
17,19,14,28,23,2,32,14,13
18,7,21,7,33,29,13,23,10
3,36,7,13,4,13,32,2,18
2,1,1,28,14,19,6,3,15
14,36,24,14,24,12,10,30,6
26,36,21,1,2,17,18,34,12
37,27,4,24,4,4,13,9,5
29,2,23,30,33,18,18,23,25
31,8,28,16,8,9,19,2,12
7,29,1,10,32,11,18,32,5
36,14,30,28,9,32,33,30,3
15,12,20,11,19,20,12,25,16
1,34,5,7,21,12,33,7,7
27,37,9,34,3,12,3,4,21
34,11,6,33,26,25,14,14,22
6,35,29,19,13,16,29,32,14
38,38,29,5,15,26,15,10,9
13,4,7,9,5,6,26,26,1
24,22,15,31,14,12,18,5,17
21,3,4,23,25,19,9,3,21
6,4,27,6,26,25,1,18,22
8,36,33,2,13,15,3,14,20
7,25,5,19,32,12,26,5,12
22,28,13,11,12,10,14,14,26
25,27,6,21,7,17,5,27,22
29,19,5,25,8,11,3,9,12
20,5,30,14,9,27,4,32,21
36,36,16,34,16,24,12,8,19
18,20,2,20,32,25,11,11,22
32,28,30,27,7,30,33,21,20
27,30,11,13,9,14,18,19,16
5,39,12,22,13,33,28,23,3
1,9,31,23,7,6,28,28,11
13,25,22,15,17,25,28,32,11
16,13,3,16,31,33,12,1,18
24,15,18,9,21,28,21,8,17
18,23,18,26,13,33,32,18,5
24,13,31,11,30,29,8,6,9
15,14,25,28,20,8,31,8,8
1,33,7,4,5,3,22,4,10
24,35,33,14,2,10,25,15,5
38,12,33,20,20,31,29,21,3
12,9,23,2,22,26,31,29,9
6,28,16,21,12,34,27,3,10
36,14,28,23,22,27,22,7,16
24,29,30,9,3,21,20,18,22
25,35,33,8,23,24,13,30,1
8,9,17,30,18,31,15,27,22
35,1,10,2,17,18,33,12,23
33,7,21,17,16,1,6,13,16
13,22,20,23,28,7,8,4,16
35,28,1,6,18,28,25,11,18
31,26,18,16,31,17,17,26,18
3,33,26,24,19,2,27,17,18
24,19,8,2,20,11,17,4,10
33,26,23,10,20,23,10,16,10
14,22,31,34,23,13,18,7,25
34,20,24,21,11,33,30,10,25
2,13,30,15,17,4,18,17,10
5,17,25,2,2,11,27,19,7
20,26,22,29,32,12,31,19,3
5,30,25,33,30,29,3,2,15
29,34,31,24,29,30,13,31,25
2,7,19,32,14,18,31,22,22
14,6,23,7,33,9,19,30,24
1,16,20,28,15,13,4,17,11
12,38,21,33,33,29,8,26,9
12,29,12,7,17,19,13,19,1
18,34,12,9,13,2,1,12,15
31,29,17,1,30,8,3,18,23
32,6,17,20,3,26,12,33,13
10,10,27,11,4,7,8,25,16
15,37,27,6,16,14,14,22,4
17,20,1,5,22,10,25,29,23
6,25,19,24,29,31,19,4,2
19,24,16,6,11,18,21,25,6
27,35,33,2,23,33,3,27,18
14,31,5,7,23,19,34,26,18
24,20,3,31,11,16,30,8,19
23,18,17,7,34,31,8,3,19
20,35,13,16,23,5,9,34,2
33,35,14,1,7,5,9,22,20
12,6,3,1,19,24,19,21,15
16,14,30,18,30,28,23,11,16
26,27,29,24,7,30,27,33,18
23,16,17,24,33,6,22,5,4
28,38,33,5,17,16,34,2,20
33,17,31,21,22,4,21,10,6
36,5,7,29,26,27,2,34,10
12,11,7,5,28,13,11,17,19
35,6,9,24,11,8,12,25,14
17,11,23,21,1,18,13,23,12
39,17,11,12,31,31,9,33,25
25,12,34,14,28,11,30,5,9
12,34,19,7,5,16,1,14,9
17,16,25,6,27,12,23,30,20
13,31,22,15,2,15,5,11,21
19,11,10,20,11,21,28,28,18
11,30,6,1,9,20,9,30,7
35,2,3,20,20,34,27,13,15
13,33,18,13,18,19,31,9,5
31,27,14,7,23,25,27,28,19
25,12,32,34,23,18,28,6,19
38,39,4,5,14,33,33,31,5
21,12,2,22,18,22,32,27,8
18,11,29,28,32,17,17,1,18
1,29,24,18,22,20,13,15,5
20,9,29,22,27,10,28,13,21
34,32,10,27,17,5,25,34,7
36,8,31,1,11,9,25,25,7
31,18,8,31,7,5,32,10,13
38,17,13,23,5,6,16,15,22
32,27,25,22,8,19,21,16,12
2,14,30,23,24,21,11,33,16
6,35,4,17,4,1,10,14,23
8,6,34,28,20,19,25,33,15
29,32,6,24,11,4,33,7,8
6,12,31,14,15,9,26,27,14
28,13,17,30,12,17,31,9,12
33,36,27,31,3,10,25,17,11
11,32,16,10,12,3,7,8,26
13,16,17,17,9,24,20,10,19
16,1,8,31,6,5,26,23,2
14,33,23,16,17,2,12,11,14
18,39,7,25,11,11,7,11,19
15,14,15,6,25,9,1,28,11
28,19,10,22,34,19,23,25,16
32,28,31,23,20,10,14,13,24
12,8,12,28,6,5,9,6,8
21,27,20,30,17,27,33,32,21
28,34,5,19,7,28,13,6,15
12,30,15,31,30,11,32,10,14
39,37,30,33,1,26,10,7,15
22,33,10,14,27,3,2,16,12
31,31,32,10,14,34,19,17,1
24,15,10,10,19,1,22,1,13
36,23,31,4,12,22,31,31,8
12,8,30,12,5,23,2,24,26
16,10,33,34,20,32,32,9,24
14,29,26,9,31,34,32,11,17
22,31,6,22,2,21,1,19,16
39,11,27,4,15,33,7,4,14
11,29,24,12,8,25,5,32,9
28,23,28,3,17,32,27,27,25
23,34,34,13,21,20,13,28,12
3,5,3,32,34,23,29,9,13
35,34,24,20,28,19,5,18,25
39,3,17,11,2,34,7,25,7
17,29,17,16,13,3,11,16,12
23,39,25,23,4,16,8,34,25
8,4,8,21,23,9,5,20,6
37,5,33,13,16,28,27,10,18
6,2,16,8,31,5,11,7,23
5,24,34,27,9,13,24,32,14
37,11,12,31,2,31,27,28,25
32,13,22,18,20,29,1,23,5
19,3,4,29,22,20,11,7,17
30,25,26,18,21,34,6,7,7
29,27,16,21,17,34,24,30,22
19,20,22,20,15,12,17,21,1
20,32,13,18,31,10,14,9,20
14,21,15,24,3,14,32,22,25
8,27,29,11,34,18,6,20,3
18,38,31,33,11,11,18,3,4
22,38,15,12,1,32,30,7,1
37,34,10,27,10,19,1,27,24
17,21,23,26,32,18,24,22,20
11,12,30,3,2,8,14,17,4
26,15,33,15,3,5,5,27,11
17,10,20,34,18,25,21,7,24
23,37,28,28,28,27,32,26,16
9,35,30,33,23,16,6,30,25
15,36,27,34,28,14,13,14,4
6,29,33,4,1,8,34,18,8
22,2,25,14,20,32,7,21,23
27,16,6,21,20,32,6,6,17
4,23,15,29,14,9,32,10,2
24,29,8,32,9,5,20,30,16
24,18,29,15,21,16,26,24,4
4,35,33,1,34,20,32,5,23
21,3,9,23,13,4,2,22,7
15,2,20,6,31,19,5,21,25
19,7,30,28,17,9,6,23,1
14,19,12,5,16,2,2,16,18
7,22,33,23,22,30,15,21,9
18,33,22,34,20,25,28,17,7
32,2,19,4,25,4,31,5,17
27,23,18,9,8,6,24,32,15
19,2,27,18,29,32,18,21,3
13,19,5,9,2,13,11,4,25
22,23,8,14,20,7,1,12,3
30,18,15,15,6,30,20,6,5
14,22,31,17,21,1,9,12,5
25,13,1,24,27,32,33,17,4
22,29,30,9,27,25,18,24,18
15,33,10,25,34,8,8,18,5
9,35,4,31,30,27,7,19,3
30,6,21,23,11,29,32,3,8
32,19,25,34,3,9,8,15,14
37,16,28,26,14,20,22,10,14
22,21,32,6,20,11,24,11,4
13,22,31,23,8,6,1,22,24
37,29,20,32,27,13,25,22,9
29,1,11,25,31,18,33,22,2
6,18,9,8,28,12,12,26,13
14,19,6,31,5,16,4,20,13
4,38,20,19,4,23,32,28,24
37,36,29,11,14,18,6,28,14
24,11,10,21,28,5,1,1,21
15,9,27,15,33,8,29,4,21
30,12,18,12,12,16,23,18,21
11,11,15,21,18,22,31,9,21
12,10,1,7,14,13,7,25,20
14,5,3,11,26,3,5,31,9
13,16,18,18,28,28,22,7,19
16,3,11,2,24,19,15,23,7
38,22,15,34,8,4,9,1,1
23,19,21,6,22,11,5,32,7
10,35,20,11,19,29,15,20,13
31,25,22,24,6,12,23,6,9
36,5,19,19,5,20,7,3,19
2,17,14,8,33,30,21,19,10
26,24,18,10,29,16,9,8,18
30,28,25,5,14,26,11,5,12
19,15,6,23,28,29,32,26,18
8,13,5,3,23,11,2,20,22
25,1,19,17,19,13,17,2,19
2,8,10,7,12,7,20,15,22
14,3,10,21,33,26,18,4,18
24,17,23,14,31,22,31,23,7
37,10,10,25,16,2,5,20,14
12,2,1,25,21,5,20,15,10
15,28,33,11,12,6,5,26,26
34,31,9,7,28,29,3,20,17
38,17,28,31,5,22,21,29,16
28,5,3,34,29,21,11,2,15
27,1,5,12,28,8,34,34,15
33,5,18,6,31,3,5,28,9
25,36,15,14,25,12,31,9,14
12,2,20,18,20,25,10,3,7
11,19,8,14,34,21,34,17,11
